Update: 2016-11-04

### Ship Type : See shiptype.txt
### After Upgrade : Ship id after upgrade

### Max Hp, Armor, Fire power, Torpedo power, AA Power, Luck
[Default Value],[Max Value]

### Speed
0	Land base
5	Slow
10	Fast

### Range
0	None
1	Short
2	Middle
3	Long
4	Super long

### Materials on broken : [Fuel],[Ammo],[Steel],[Bauxite]
### Required fuel, Required ammo : Required material to upgrade

### Voice bits
1	Idle voice
2	O-clock voice
4	Special idle voice (Idle voice when Condition>=50)

### Player ships
ID	Sort No.	Name	Yomi	Ship Type	Upgrade Level	After Upgrade	Max Hp	Armor	Fire power	Torpedo power	AA Power	Luck	Speed	Range	Slot count	Airplanes	Build mins	Materials on broken	Powerup point	Rarity	Required fuel	Required ammo	Max fuel	Max ammo	Voice bits
1	31	睦月	むつき	2	20	254	13,24	5,18	6,29	18,59	7,29	12,49	10	1	2	0,0,0,0,0	18	1,1,4,0	1,1,0,0	3	100	100	15	15	0
2	32	如月	きさらぎ	2	20	255	13,24	5,18	6,29	18,49	7,29	10,49	10	1	2	0,0,0,0,0	18	1,1,4,0	0,1,0,0	2	100	100	15	15	0
6	35	長月	ながつき	2	20	258	13,24	5,18	6,29	18,49	7,29	15,69	10	1	2	0,0,0,0,0	18	1,1,4,0	0,1,0,0	2	100	100	15	15	0
7	37	三日月	みかづき	2	20	260	13,24	5,18	6,29	18,49	7,29	10,49	10	1	2	0,0,0,0,0	18	1,1,4,0	0,1,0,0	1	100	100	15	15	0
9	11	吹雪	ふぶき	2	20	201	15,29	5,19	10,29	27,79	10,39	17,49	10	1	2	0,0,0,0,0	20	1,1,5,0	1,1,0,0	3	100	100	15	20	0
10	12	白雪	しらゆき	2	20	202	15,29	5,19	10,29	27,69	10,39	10,49	10	1	2	0,0,0,0,0	20	1,1,5,0	0,1,0,0	2	100	100	15	20	0
11	14	深雪	みゆき	2	20	204	15,29	5,19	10,29	27,69	10,39	10,49	10	1	2	0,0,0,0,0	20	1,1,5,0	0,1,0,0	2	100	100	15	20	0
12	16	磯波	いそなみ	2	20	206	15,29	5,19	10,29	27,69	10,39	10,49	10	1	2	0,0,0,0,0	20	1,1,5,0	0,1,0,0	1	100	100	15	20	0
13	17	綾波	あやなみ	2	20	207	15,29	5,19	10,29	27,79	12,39	12,49	10	1	2	0,0,0,0,0	20	1,1,5,0	1,1,0,0	3	100	100	15	20	0
14	18	敷波	しきなみ	2	20	208	15,29	5,19	10,29	27,69	12,39	10,49	10	1	2	0,0,0,0,0	20	1,1,5,0	0,1,0,0	2	100	100	15	20	0
15	68	曙	あけぼの	2	20	231	15,29	5,19	10,29	27,69	12,39	10,49	10	1	2	0,0,0,0,0	20	1,1,5,0	0,1,0,0	1	100	100	15	20	0
16	70	潮	うしお	2	20	233	15,29	5,19	10,29	27,69	12,39	20,79	10	1	2	0,0,0,0,0	20	1,1,5,0	0,1,0,0	1	100	100	15	20	0
17	91	陽炎	かげろう	2	20	225	16,34	6,19	10,29	24,79	12,39	12,49	10	1	2	0,0,0,0,0	24	1,1,6,0	1,1,0,1	3	100	100	15	20	0
18	92	不知火	しらぬい	2	20	226	16,34	6,19	10,29	24,69	9,39	10,49	10	1	2	0,0,0,0,0	24	1,1,6,0	0,1,0,1	2	100	100	15	20	0
19	93	黒潮	くろしお	2	20	227	16,34	6,19	10,29	24,69	9,39	10,49	10	1	2	0,0,0,0,0	24	1,1,6,0	0,1,0,1	1	100	100	15	20	0
20	5	雪風	ゆきかぜ	2	20	228	16,39	7,29	10,29	24,79	12,49	50,99	10	1	2	0,0,0,0,0	24	1,1,6,0	0,1,1,1	6	100	100	15	20	0
21	42	長良	ながら	3	20	218	26,39	10,29	14,49	24,89	13,59	12,49	10	2	2	1,1,0,0,0	60	2,2,10,0	0,1,0,2	4	200	200	25	25	0
22	43	五十鈴	いすず	3	12	219	26,39	10,29	14,39	24,79	13,49	10,49	10	2	2	1,1,0,0,0	60	2,2,10,0	0,1,0,1	2	200	200	25	25	0
23	45	由良	ゆら	3	20	220	26,39	10,29	14,39	24,79	13,49	10,49	10	2	2	1,1,0,0,0	60	2,2,10,0	0,1,0,1	1	200	200	25	25	0
24	19	大井	おおい	3	10	57	25,39	11,29	14,49	24,89	13,59	17,49	10	2	2	0,0,0,0,0	60	2,2,9,0	0,1,0,1	5	100	400	25	25	1
25	20	北上	きたかみ	3	10	58	25,39	10,29	14,39	24,79	13,49	15,69	10	2	2	0,0,0,0,0	60	2,2,9,0	0,1,0,1	4	100	400	25	25	1
26	26	扶桑	ふそう	9	20	286	67,89	59,79	74,94	0,0	23,79	5,39	5	3	4	3,3,3,3,0	260	9,18,36,3	4,0,1,3	4	500	150	85	120	0
27	27	山城	やましろ	9	20	287	67,89	59,79	74,94	0,0	23,79	5,39	5	3	4	3,3,3,3,0	260	9,18,36,3	4,0,1,3	4	500	150	85	120	0
28	33	皐月	さつき	2	20	256	13,24	5,18	6,29	18,49	7,29	10,49	10	1	2	0,0,0,0,0	18	1,1,4,0	0,1,0,0	2	100	100	15	15	0
29	34	文月	ふみづき	2	20	257	13,24	5,18	6,29	18,49	7,29	10,49	10	1	2	0,0,0,0,0	18	1,1,4,0	0,1,0,0	2	100	100	15	15	0
30	36	菊月	きくづき	2	20	259	13,24	5,18	6,29	18,49	7,29	10,49	10	1	2	0,0,0,0,0	18	1,1,4,0	0,1,0,0	1	100	100	15	15	0
31	38	望月	もちづき	2	20	261	13,24	5,18	6,29	18,49	7,29	10,49	10	1	2	0,0,0,0,0	18	1,1,4,0	0,1,0,0	1	100	100	15	15	0
32	13	初雪	はつゆき	2	20	203	15,29	5,19	10,29	27,69	10,39	10,49	10	1	2	0,0,0,0,0	20	1,1,5,0	0,1,0,0	1	100	100	15	20	0
33	15	叢雲	むらくも	2	20	205	15,29	5,19	10,29	27,69	10,39	10,49	10	1	2	0,0,0,0,0	20	1,1,5,0	0,1,0,0	2	100	100	15	20	1
34	71	暁	あかつき	2	20	234	15,30	6,19	10,29	27,79	12,39	12,49	10	1	2	0,0,0,0,0	20	1,1,5,0	1,1,0,0	3	100	100	15	20	0
35	72	響	ひびき	2	20	235	15,30	6,19	10,29	27,69	12,39	10,49	10	1	2	0,0,0,0,0	20	1,1,5,0	0,1,0,0	2	100	100	15	20	0
36	73	雷	いかづち	2	20	236	15,30	6,19	10,29	27,69	12,39	10,49	10	1	2	0,0,0,0,0	20	1,1,5,0	0,1,0,0	1	100	100	15	20	0
37	74	電	いなづま	2	20	237	15,30	6,19	10,29	27,69	12,39	10,49	10	1	2	0,0,0,0,0	20	1,1,5,0	0,1,0,0	1	100	100	15	20	0
38	75	初春	はつはる	2	20	238	16,31	6,19	10,29	27,79	12,39	12,49	10	1	2	0,0,0,0,0	20	1,1,5,0	1,1,0,0	3	100	100	15	20	0
39	76	子日	ねのひ	2	20	239	16,31	6,19	10,29	27,69	9,39	10,49	10	1	2	0,0,0,0,0	20	1,1,5,0	0,1,0,0	1	100	100	15	20	0
40	77	若葉	わかば	2	20	240	16,31	6,19	10,29	27,69	9,39	10,49	10	1	2	0,0,0,0,0	20	1,1,5,0	0,1,0,0	2	100	100	15	20	0
41	78	初霜	はつしも	2	20	241	16,31	6,19	10,29	27,69	9,39	10,49	10	1	2	0,0,0,0,0	20	1,1,5,0	0,1,0,0	2	100	100	15	20	0
42	79	白露	しらつゆ	2	20	242	16,32	6,19	10,29	24,79	12,39	12,49	10	1	2	0,0,0,0,0	22	1,1,5,0	1,1,0,0	3	100	100	15	20	0
43	80	時雨	しぐれ	2	20	243	16,32	6,19	10,29	24,69	9,39	10,49	10	1	2	0,0,0,0,0	22	1,1,5,0	0,1,0,0	2	100	100	15	20	1
44	81	村雨	むらさめ	2	20	244	16,32	6,19	10,29	24,69	9,39	10,49	10	1	2	0,0,0,0,0	22	1,1,5,0	0,1,0,0	2	100	100	15	20	0
45	82	夕立	ゆうだち	2	20	245	16,32	6,19	10,29	24,69	9,39	10,49	10	1	2	0,0,0,0,0	22	1,1,5,0	0,1,0,0	2	100	100	15	20	1
46	83	五月雨	さみだれ	2	20	246	16,32	6,19	10,29	24,69	9,39	10,49	10	1	2	0,0,0,0,0	22	1,1,5,0	0,1,0,0	2	100	100	15	20	0
47	84	涼風	すずかぜ	2	20	247	16,32	6,19	10,29	24,79	9,39	12,49	10	1	2	0,0,0,0,0	22	1,1,5,0	1,1,0,0	3	100	100	15	20	0
48	89	霰	あられ	2	20	252	16,33	6,19	10,29	24,69	9,39	10,49	10	1	2	0,0,0,0,0	22	1,1,5,0	0,1,0,1	1	100	100	15	20	0
49	90	霞	かすみ	2	20	253	16,33	6,19	10,29	24,69	9,39	15,59	10	1	2	0,0,0,0,0	22	1,1,5,0	0,1,0,1	2	100	100	15	20	0
50	10	島風	しまかぜ	2	20	229	19,39	8,29	12,29	45,89	14,49	10,49	10	1	2	0,0,0,0,0	30	1,1,5,0	0,2,1,1	6	120	100	20	25	0
51	28	天龍	てんりゅう	3	20	213	23,35	7,29	11,39	18,59	8,39	17,49	10	2	2	0,0,0,0,0	60	1,1,8,0	0,1,0,1	3	150	200	25	20	0
52	29	龍田	たつた	3	20	214	23,35	7,29	11,39	18,59	8,39	17,49	10	2	2	0,0,0,0,0	60	1,1,8,0	0,1,0,1	3	150	200	25	20	0
53	44	名取	なとり	3	20	221	26,39	10,29	14,39	24,79	13,49	10,49	10	2	2	1,1,0,0,0	60	2,2,10,0	0,1,0,1	2	200	200	25	25	0
54	46	川内	せんだい	3	20	222	26,39	11,29	14,49	24,89	13,59	12,49	10	2	2	1,1,0,0,0	60	2,2,10,0	0,1,0,2	4	200	200	25	25	0
55	47	神通	じんつう	3	20	223	26,39	11,29	14,39	24,79	13,49	10,49	10	2	2	1,1,0,0,0	60	2,2,10,0	0,1,0,1	1	200	200	25	25	0
56	48	那珂	なか	3	20	224	26,39	11,29	14,39	24,79	13,49	10,49	10	2	2	1,1,0,0,0	60	2,2,10,0	0,1,0,1	2	200	200	25	25	0
57	97	大井改	おおい	4	50	118	32,49	12,39	8,39	80,99	13,39	10,49	10	2	2	0,0,0,0,0	75	2,6,9,0	0,4,0,1	6	400	770	25	50	3
58	98	北上改	きたかみ	4	50	119	32,49	12,39	8,39	80,99	13,39	15,69	10	2	2	0,0,0,0,0	75	2,6,9,0	0,4,0,1	6	400	770	25	50	3
59	52	古鷹	ふるたか	5	25	262	36,49	25,34	30,54	12,59	16,59	10,49	10	2	3	2,2,2,0,0	60	2,2,10,1	2,1,0,2	3	250	300	35	50	0
60	53	加古	かこ	5	25	263	36,49	25,34	30,49	12,49	16,49	10,49	10	2	3	2,2,2,0,0	60	2,2,10,1	2,1,0,2	1	250	300	35	50	0
61	54	青葉	あおば	5	25	264	37,49	26,37	30,54	12,59	16,59	20,69	10	2	3	2,2,2,0,0	60	2,2,10,1	2,1,0,2	3	250	300	35	50	0
62	55	妙高	みょうこう	5	25	265	44,60	32,49	40,59	24,59	16,64	10,49	10	2	3	2,2,2,0,0	80	2,2,12,1	2,1,0,2	4	300	450	40	65	0
63	56	那智	なち	5	25	266	44,56	32,49	40,54	24,49	16,54	10,49	10	2	3	2,2,2,0,0	80	2,2,12,1	2,1,0,2	1	300	450	40	65	0
64	57	足柄	あしがら	5	25	267	44,56	32,49	40,54	24,49	16,54	10,49	10	2	3	2,2,2,0,0	80	2,2,12,1	2,1,0,2	2	300	450	40	65	0
65	58	羽黒	はぐろ	5	25	268	44,56	32,49	40,54	24,49	16,54	10,49	10	2	3	2,2,2,0,0	80	2,2,12,1	2,1,0,2	1	300	450	40	65	0
66	59	高雄	たかお	5	25	269	45,60	35,49	40,59	24,59	18,66	10,49	10	2	3	2,2,2,0,0	85	2,2,12,1	2,1,0,2	4	300	450	40	65	1
67	60	愛宕	あたご	5	25	270	45,60	35,49	40,54	24,59	18,56	10,49	10	2	3	2,2,2,0,0	85	2,2,12,1	2,1,0,2	4	300	450	40	65	1
68	61	摩耶	まや	5	18	271	45,57	35,49	40,54	24,49	18,56	10,49	10	2	3	2,2,2,0,0	85	2,2,12,1	2,1,0,2	1	250	300	40	65	0
69	62	鳥海	ちょうかい	5	25	272	45,57	35,49	40,54	24,49	18,56	10,49	10	2	3	2,2,2,0,0	85	2,2,12,1	2,1,0,2	1	300	450	40	65	0
70	51	最上	もがみ	5	10	73	41,59	31,59	40,59	18,69	20,59	10,49	10	2	3	2,2,2,0,0	90	2,3,12,1	2,1,0,2	4	210	70	40	65	1
71	63	利根	とね	5	25	273	44,62	36,59	32,59	24,59	20,67	10,49	10	2	3	3,3,3,0,0	90	2,2,13,2	2,1,1,2	4	300	450	45	60	0
72	64	筑摩	ちくま	5	25	274	44,62	36,59	32,59	24,59	20,67	10,49	10	2	3	3,3,3,0,0	90	2,2,13,2	2,1,1,2	4	300	450	45	60	0
73	101	最上改	もがみ	6	0	0	50,67	37,71	24,75	18,69	20,64	10,69	10	2	4	5,6,5,11,0	100	2,2,13,4	2,1,3,2	6	0	0	50	55	3
74	94	祥鳳	しょうほう	7	25	282	32,55	19,39	0,19	0,0	14,29	10,49	10	1	3	18,9,3,0,0	160	2,2,13,4	0,0,2,2	4	380	210	35	35	0
75	65	飛鷹	ひよう	7	25	283	40,64	21,39	0,19	0,0	21,59	10,49	5	1	4	12,18,18,10,0	180	6,6,20,6	0,0,3,2	4	500	250	40	40	0
76	30	龍驤	りゅうじょう	7	25	281	31,54	17,39	0,19	0,0	16,29	10,49	10	1	3	9,24,5,0,0	170	2,2,14,4	0,0,2,2	4	400	220	35	35	0
77	3	伊勢	いせ	9	10	82	74,89	70,89	74,89	0,0	28,79	15,69	5	3	4	3,3,3,3,0	270	9,18,37,3	4,0,1,4	5	500	150	85	120	0
78	21	金剛	こんごう	8	25	209	63,79	52,69	63,89	0,0	24,69	12,49	10	3	3	3,3,3,0,0	240	10,14,33,3	3,0,1,3	5	400	600	80	110	0
79	23	榛名	はるな	8	25	211	63,79	52,69	63,89	0,0	24,69	15,69	10	3	3	3,3,3,0,0	240	10,14,33,3	3,0,1,3	5	400	600	80	110	0
80	1	長門	ながと	9	30	275	80,94	75,89	82,99	0,0	31,89	20,79	5	3	4	3,3,3,3,0	300	10,20,40,3	5,0,1,4	7	800	900	100	130	0
81	2	陸奥	むつ	9	30	276	80,94	75,89	82,99	0,0	31,89	3,39	5	3	4	3,3,3,3,0	300	10,20,40,3	5,0,1,4	7	800	900	100	130	0
82	102	伊勢改	いせ	10	0	0	77,89	74,92	63,83	0,0	45,92	30,79	5	3	4	11,11,11,14,0	270	10,15,36,3	4,0,3,4	6	0	0	95	105	0
83	6	赤城	あかぎ	11	30	277	69,79	28,54	0,39	0,0	32,69	12,49	10	1	4	18,18,27,10,0	270	8,12,30,7	0,0,5,3	6	700	300	60	55	1
84	7	加賀	かが	11	30	278	71,89	29,59	0,39	0,0	28,69	10,49	10	1	4	18,18,45,12,0	260	8,14,32,9	0,0,5,3	5	750	300	60	55	1
85	24	霧島	きりしま	8	25	212	63,79	52,69	63,89	0,0	24,69	10,49	10	3	3	3,3,3,0,0	240	10,14,33,3	3,0,1,3	5	400	600	80	110	0
86	22	比叡	ひえい	8	25	210	63,79	52,69	63,89	0,0	24,69	10,49	10	3	3	3,3,3,0,0	240	10,14,33,3	3,0,1,3	5	400	600	80	110	0
87	4	日向	ひゅうが	9	10	88	74,89	70,89	74,94	0,0	28,79	15,69	5	3	4	3,3,3,3,0	270	9,18,37,3	4,0,1,4	5	500	150	85	120	0
88	103	日向改	ひゅうが	10	0	0	77,89	74,92	63,83	0,0	45,92	30,79	5	3	4	11,11,11,14,0	270	10,15,36,3	4,0,3,4	6	0	0	95	105	0
89	25	鳳翔	ほうしょう	7	25	285	30,49	15,39	0,19	0,0	10,29	20,69	5	1	2	8,11,0,0,0	120	2,1,12,2	0,0,1,2	3	350	150	25	25	0
90	8	蒼龍	そうりゅう	11	30	279	50,79	27,49	0,29	0,0	26,69	10,49	10	1	4	12,27,18,7,0	250	7,10,26,6	0,0,4,3	5	650	300	50	50	1
91	9	飛龍	ひりゅう	11	30	280	50,79	27,49	0,29	0,0	26,69	35,89	10	1	4	12,27,18,7,0	250	7,10,26,6	0,0,4,3	6	650	300	50	50	1
92	66	隼鷹	じゅんよう	7	25	284	40,64	21,39	0,19	0,0	21,59	20,79	5	1	4	12,18,18,10,0	180	6,6,20,6	0,0,3,2	4	500	250	40	40	0
93	67	朧	おぼろ	2	20	230	15,29	5,19	10,29	27,69	12,39	10,49	10	1	2	0,0,0,0,0	20	1,1,5,0	0,1,0,0	1	100	100	15	20	0
94	69	漣	さざなみ	2	20	232	15,29	5,19	10,29	27,69	12,39	10,49	10	1	2	0,0,0,0,0	20	1,1,5,0	0,1,0,0	2	100	100	15	20	0
95	85	朝潮	あさしお	2	20	248	16,33	6,19	10,29	24,79	12,39	12,49	10	1	2	0,0,0,0,0	22	1,1,5,0	1,1,0,0	3	100	100	15	20	0
96	86	大潮	おおしお	2	20	249	16,33	6,19	10,29	24,69	9,39	10,49	10	1	2	0,0,0,0,0	22	1,1,5,0	0,1,0,1	1	100	100	15	20	0
97	87	満潮	みちしお	2	20	250	16,33	6,19	10,29	24,69	9,39	10,49	10	1	2	0,0,0,0,0	22	1,1,5,0	0,1,0,1	1	100	100	15	20	0
98	88	荒潮	あらしお	2	20	251	16,33	6,19	10,29	24,69	9,39	10,49	10	1	2	0,0,0,0,0	22	1,1,5,0	0,1,0,1	1	100	100	15	20	0
99	39	球磨	くま	3	20	215	25,39	10,29	14,49	24,89	13,59	12,49	10	2	2	1,1,0,0,0	60	2,2,10,0	0,1,0,2	4	200	200	25	25	0
100	40	多摩	たま	3	20	216	25,39	10,29	14,39	24,79	13,49	10,49	10	2	2	1,1,0,0,0	60	2,2,10,0	0,1,0,1	2	200	200	25	25	0
101	41	木曾	きそ	3	20	217	25,39	10,29	14,39	24,79	13,49	10,49	10	2	2	1,1,0,0,0	60	2,2,10,0	0,1,0,1	1	200	200	25	25	0
102	49	千歳	ちとせ	16	10	104	40,59	18,39	9,29	0,0	14,29	10,49	10	1	2	12,12,0,0,0	140	3,1,13,4	0,0,1,2	2	70	40	35	35	0
103	50	千代田	ちよだ	16	10	105	40,59	18,39	9,29	0,0	14,29	10,49	10	1	2	12,12,0,0,0	140	3,1,13,4	0,0,1,2	1	70	40	35	35	0
104	95	千歳改	ちとせ	16	12	106	41,59	20,39	9,29	0,29	15,29	10,49	10	1	3	12,6,6,0,0	150	3,1,14,4	0,0,2,2	3	70	80	35	40	1
105	96	千代田改	ちよだ	16	12	107	41,59	20,39	9,29	0,29	15,29	10,49	10	1	3	12,6,6,0,0	150	3,1,14,4	0,0,2,2	3	70	80	35	40	1
106	99	千歳甲	ちとせ	16	15	108	42,59	21,39	9,29	15,72	17,39	10,59	10	1	3	12,6,6,0,0	160	3,3,15,3	0,2,1,2	3	100	60	35	45	3
107	100	千代田甲	ちよだ	16	15	109	42,59	21,39	9,29	15,72	17,39	10,59	10	1	3	12,6,6,0,0	160	3,3,15,3	0,2,1,2	3	100	60	35	45	3
108	104	千歳航	ちとせ	7	35	291	47,59	25,39	0,19	0,0	20,49	10,59	10	1	3	21,9,6,0,0	190	5,5,17,4	0,0,3,2	4	550	250	40	40	3
109	105	千代田航	ちよだ	7	35	292	47,59	25,39	0,19	0,0	20,49	10,59	10	1	3	21,9,6,0,0	190	5,5,17,4	0,0,3,2	4	550	250	40	40	3
110	106	翔鶴	しょうかく	11	30	288	62,79	33,49	0,39	0,0	29,69	10,49	10	1	4	21,21,21,12,0	360	7,10,30,10	0,0,4,3	5	750	350	55	55	3
111	107	瑞鶴	ずいかく	11	25	112	62,79	33,49	0,39	0,0	29,69	40,89	10	1	4	21,21,21,12,0	360	7,10,30,10	0,0,4,3	6	750	350	55	55	3
112	108	瑞鶴改	ずいかく	11	77	462	75,90	42,72	0,39	0,0	40,79	42,89	10	1	4	24,24,24,12,0	360	7,10,30,10	0,0,4,3	7	3700	1200	65	70	3
113	109	鬼怒	きぬ	3	17	289	26,39	10,29	14,39	24,79	13,49	12,49	10	2	2	1,1,0,0,0	75	2,2,10,0	0,1,0,1	4	200	200	25	25	3
114	110	阿武隈	あぶくま	3	17	290	27,39	10,29	14,39	24,79	13,49	12,49	10	2	2	1,1,0,0,0	75	2,2,10,0	0,1,0,1	5	200	200	25	25	3
115	111	夕張	ゆうばり	3	25	293	19,33	10,29	17,42	20,69	10,42	12,49	10	2	3	0,0,0,0,0	82	2,2,7,0	1,1,1,1	5	280	240	20	30	3
116	112	瑞鳳	ずいほう	7	25	117	32,55	19,39	0,19	0,0	14,29	30,79	10	1	3	18,9,3,0,0	160	2,2,13,4	0,0,2,2	5	380	210	35	35	3
117	113	瑞鳳改	ずいほう	7	0	0	45,69	25,59	0,29	0,0	18,39	40,89	10	1	4	18,12,12,6,0	160	4,6,20,6	0,0,3,2	6	0	0	40	40	3
118	114	大井改二	おおい	4	0	0	43,59	23,63	17,63	90,139	15,49	13,49	10	2	3	0,0,0,0,0	75	2,9,9,0	1,5,0,1	7	0	0	25	75	3
119	115	北上改二	きたかみ	4	0	0	43,59	23,63	17,63	90,139	15,49	30,79	10	2	3	0,0,0,0,0	75	2,6,9,0	1,5,0,1	7	0	0	25	75	3
120	116	三隈	みくま	5	30	121	40,59	30,59	40,59	18,69	18,59	5,49	10	2	3	2,2,2,0,0	90	2,3,12,1	2,1,0,2	5	270	110	40	65	3
121	117	三隈改	みくま	6	0	0	50,67	37,71	24,76	18,69	20,59	10,69	10	2	4	5,6,5,8,0	100	2,2,13,4	2,1,3,2	6	0	0	50	55	3
122	119	舞風	まいかぜ	2	20	294	16,34	6,19	10,29	24,69	9,39	10,49	10	1	2	0,0,0,0,0	24	1,1,6,0	0,1,0,1	4	100	100	15	20	3
123	120	衣笠	きぬがさ	5	25	295	37,49	26,37	30,54	12,59	16,59	20,69	10	2	3	2,2,2,0,0	60	2,2,10,1	2,1,0,2	4	250	300	35	50	3
124	124	鈴谷	すずや	5	35	129	40,59	30,59	40,59	18,69	18,59	5,49	10	2	3	2,2,2,0,0	90	2,3,12,1	2,1,0,2	4	270	110	40	65	3
125	125	熊野	くまの	5	35	130	40,59	30,59	40,59	18,69	18,59	5,49	10	2	3	2,2,2,0,0	90	2,3,12,1	2,1,0,2	4	270	110	40	65	3
126	126	伊168	い168	13	50	398	10,17	3,17	2,7	24,59	0,0	10,49	5	1	1	0,0,0,0,0	22	1,2,2,1	0,2,0,0	3	130	200	10	20	3
127	127	伊58	い58	13	50	399	14,19	4,19	2,9	30,69	0,0	40,79	5	1	1	0,0,0,0,0	22	1,2,2,1	0,2,0,0	4	140	200	10	20	3
128	128	伊8	い8	13	50	400	15,19	4,19	2,9	30,69	0,0	20,59	5	1	1	0,0,0,0,0	22	1,2,2,1	0,2,0,0	5	150	200	10	20	3
129	129	鈴谷改	すずや	6	0	0	50,67	37,72	24,75	18,69	20,59	10,69	10	2	4	5,6,5,6,0	100	2,2,13,4	2,1,3,2	5	0	0	50	55	3
130	130	熊野改	くまの	6	0	0	50,67	37,72	24,75	18,69	20,59	10,69	10	2	4	5,6,5,6,0	100	2,2,13,4	2,1,3,2	5	0	0	50	55	3
131	131	大和	やまと	9	60	136	93,98	88,108	96,129	0,0	50,94	12,79	5	4	4	7,7,7,7,0	480	35,50,100,10	7,0,2,5	8	3000	2500	250	300	3
132	132	秋雲	あきぐも	2	30	301	16,34	6,19	10,29	24,69	9,39	14,49	10	1	2	0,0,0,0,0	24	1,1,6,0	0,1,0,1	4	110	120	15	20	3
133	133	夕雲	ゆうぐも	2	30	302	16,34	6,19	10,30	24,69	9,39	12,49	10	1	2	0,0,0,0,0	24	1,1,6,0	0,1,0,1	4	110	130	15	20	3
134	134	巻雲	まきぐも	2	30	303	16,34	6,19	10,30	24,69	9,39	11,49	10	1	2	0,0,0,0,0	24	1,1,6,0	0,1,0,1	4	110	120	15	20	3
135	135	長波	ながなみ	2	30	304	16,34	6,19	10,30	24,69	9,39	13,49	10	1	2	0,0,0,0,0	24	1,1,6,0	0,1,0,1	4	110	130	15	20	3
136	136	大和改	やまと	9	0	0	96,108	92,118	92,139	0,0	68,104	13,79	5	4	4	7,7,7,7,0	480	35,50,110,20	6,0,3,6	8	0	0	250	325	3
137	137	阿賀野	あがの	3	35	305	30,45	17,32	20,42	24,72	17,60	10,49	10	2	3	2,2,2,0,0	60	3,4,13,1	1,1,1,2	5	300	220	30	35	3
138	138	能代	のしろ	3	35	306	30,45	17,32	20,42	24,72	17,60	10,49	10	2	3	2,2,2,0,0	60	3,4,13,1	1,1,1,2	5	300	220	30	35	3
139	139	矢矧	やはぎ	3	35	307	31,45	17,33	20,42	24,72	17,63	13,59	10	2	3	2,2,2,0,0	60	3,4,13,1	1,1,1,2	6	300	220	30	35	3
140	140	酒匂	さかわ	3	35	314	31,45	17,32	19,41	23,71	17,62	20,49	10	2	3	2,2,2,0,0	60	3,4,13,1	1,1,1,2	5	300	220	30	35	3
141	141	五十鈴改二	いすず	3	0	0	44,59	30,69	18,59	24,79	45,84	13,67	10	1	3	0,0,0,0,0	60	2,2,10,0	1,2,4,2	5	0	0	25	30	1
142	142	衣笠改二	きぬがさ	5	0	0	53,65	35,73	38,78	24,74	22,66	13,65	10	2	4	2,2,2,2,0	60	3,7,16,1	2,1,1,2	6	0	0	35	65	3
143	143	武蔵	むさし	9	40	148	94,98	88,108	96,129	0,0	50,94	10,79	5	4	4	7,7,7,7,0	480	35,50,100,10	7,0,2,5	7	3000	2500	250	300	3
144	144	夕立改二	ゆうだち	2	0	0	31,58	14,52	17,73	37,93	16,59	20,59	10	1	3	0,0,0,0,0	22	1,2,10,0	2,2,1,1	6	0	0	15	20	1
145	145	時雨改二	しぐれ	2	0	0	31,49	14,52	13,59	28,84	24,72	50,79	10	1	3	0,0,0,0,0	22	1,2,10,0	2,2,1,1	6	0	0	15	20	3
146	146	木曾改二	きそ	4	0	0	44,59	24,65	18,64	80,110	24,72	13,69	10	2	3	0,0,0,0,0	75	2,6,9,0	1,5,0,1	6	0	0	25	50	1
147	147	Верный	ひびき	2	0	0	37,49	15,57	13,54	30,89	18,59	20,77	10	1	3	0,0,0,0,0	20	1,3,11,0	1,2,1,1	6	0	0	15	25	3
148	148	武蔵改	むさし	9	0	0	97,108	92,119	92,139	0,0	60,99	9,79	5	4	4	7,7,7,7,0	480	35,50,110,20	6,0,3,6	7	0	0	250	325	7
149	149	金剛改二	こんごう	8	0	0	82,99	70,94	76,98	0,0	30,84	15,79	10	3	4	3,3,3,3,0	240	10,14,33,3	4,0,2,4	7	0	0	100	125	3
150	150	比叡改二	ひえい	8	0	0	83,99	72,95	76,98	0,0	30,82	13,79	10	3	4	3,3,3,3,0	240	10,14,33,3	4,0,2,4	7	0	0	100	125	3
151	151	榛名改二	はるな	8	0	0	81,99	70,93	75,96	0,0	41,92	41,89	10	3	4	3,3,3,3,0	240	10,14,33,3	4,0,2,4	7	0	0	100	125	3
152	152	霧島改二	きりしま	8	0	0	82,99	70,92	78,104	0,0	30,82	14,79	10	3	4	3,3,3,3,0	240	10,14,33,3	4,0,2,4	7	0	0	100	125	3
153	153	大鳳	たいほう	18	40	156	67,87	40,79	0,49	0,0	42,79	2,19	10	1	4	18,18,18,7,0	400	8,15,36,12	0,0,5,5	7	900	450	70	65	3
154	154	香取	かとり	21	35	343	36,48	9,27	14,28	12,28	14,42	10,49	5	2	3	1,1,1,0,0	70	3,1,10,0	0,1,0,1	4	400	120	30	15	1
155	155	伊401	い401	14	35	403	20,24	5,24	2,9	36,72	0,0	20,59	5	1	1	3,0,0,0,0	200	1,2,3,2	0,1,1,1	6	300	100	20	15	3
156	156	大鳳改	たいほう	18	0	0	70,90	44,84	0,59	0,0	45,86	4,39	10	1	4	30,24,24,8,0	400	9,16,36,14	0,0,5,5	7	0	0	90	75	3
157	157	龍驤改二	りゅうじょう	7	0	0	50,72	28,62	0,40	0,0	24,48	15,59	10	1	4	18,28,6,3,0	170	4,12,22,6	0,0,3,3	6	0	0	40	45	1
158	158	川内改二	せんだい	3	0	0	48,64	29,69	24,67	26,88	20,70	14,79	10	2	3	1,1,1,0,0	60	2,2,10,0	1,1,1,2	6	0	0	25	35	1
159	159	神通改二	じんつう	3	0	0	50,63	29,69	27,70	38,98	18,68	13,79	10	2	3	1,1,1,0,0	60	2,2,10,0	1,1,1,2	6	0	0	25	35	1
160	160	那珂改二	なか	3	0	0	48,62	29,68	22,68	28,84	24,72	13,84	10	2	3	1,1,1,0,0	60	2,2,10,0	1,1,1,2	6	0	0	25	35	1
161	161	あきつ丸	あきつまる	17	25	166	38,49	13,33	6,19	0,0	13,29	10,39	5	1	2	0,0,0,0,0	150	2,2,12,2	0,0,1,1	5	200	80	40	10	3
163	163	まるゆ	まるゆ	13	20	402	6,9	2,9	1,3	0,9	0,0	7,77	5	1	0	0,0,0,0,0	17	1,0,1,0	0,0,0,1	5	50	20	10	5	3
164	164	弥生	やよい	2	20	308	13,24	5,18	6,29	18,49	7,29	10,49	10	1	2	0,0,0,0,0	18	1,1,4,0	1,1,0,0	4	100	100	15	15	1
165	165	卯月	うづき	2	25	309	13,24	5,18	6,29	18,49	7,29	10,49	10	1	2	0,0,0,0,0	18	1,1,4,0	0,1,0,0	4	100	100	15	15	1
166	166	あきつ丸改	あきつまる	17	0	0	40,59	15,43	8,33	0,0	15,37	13,49	5	1	3	8,8,8,0,0	150	2,2,13,5	1,0,1,1	6	0	0	45	25	3
167	167	磯風	いそかぜ	2	45	320	16,34	6,19	10,29	24,69	14,44	16,54	10	1	2	0,0,0,0,0	24	1,1,6,0	0,1,0,1	5	140	160	15	20	1
168	168	浦風	うらかぜ	2	35	317	16,34	6,19	10,29	24,69	10,40	13,49	10	1	2	0,0,0,0,0	24	1,1,6,0	0,1,0,1	4	110	140	15	20	0
169	169	谷風	たにかぜ	2	30	313	16,34	6,19	10,29	24,69	10,40	14,49	10	1	2	0,0,0,0,0	24	1,1,6,0	0,1,0,1	4	100	100	15	20	0
170	170	浜風	はまかぜ	2	30	312	16,34	6,19	10,29	24,69	13,42	15,49	10	1	2	0,0,0,0,0	24	1,1,6,0	0,1,0,1	4	100	100	15	20	0
171	171	Bismarck	ビスマルク	8	30	172	90,96	67,83	64,88	0,0	18,48	8,69	10	3	4	4,4,4,4,0	300	10,16,38,4	3,0,1,3	7	600	800	90	110	1
172	172	Bismarck改	ビスマルク	8	50	173	94,99	77,93	70,93	0,0	24,58	10,79	10	3	4	4,4,4,4,0	300	12,18,40,4	4,0,1,4	7	1200	1600	95	115	3
173	173	Bismarck zwei	ビスマルク	8	75	178	96,99	80,94	70,97	0,0	25,62	20,82	10	3	4	4,4,4,4,0	300	12,18,40,4	4,0,2,4	7	1800	2400	105	135	3
174	174	Z1	レーベレヒト・マース	2	30	310	18,29	8,22	8,26	24,60	12,42	6,39	10	1	3	0,0,0,0,0	24	1,1,6,0	1,1,0,0	5	170	150	20	20	1
175	175	Z3	マックス・シュルツ	2	30	311	18,29	8,22	8,26	24,60	12,42	6,39	10	1	3	0,0,0,0,0	24	1,1,6,0	1,1,0,0	5	170	150	20	20	1
176	176	Prinz Eugen	プリンツ・オイゲン	5	45	177	50,72	38,64	38,56	32,64	16,44	30,79	10	2	3	3,3,3,0,0	200	2,3,15,2	2,1,0,2	6	700	600	50	70	1
177	177	Prinz Eugen改	プリンツ・オイゲン	5	0	0	63,79	48,82	48,75	40,84	18,60	40,89	10	2	4	3,3,3,3,0	200	4,8,22,3	3,2,1,3	7	0	0	55	75	3
178	178	Bismarck drei	ビスマルク	8	0	0	96,99	82,95	74,99	16,36	35,70	22,84	10	3	4	4,4,4,4,0	300	12,20,42,4	4,1,2,4	7	0	0	110	155	3
179	179	Z1 zwei	レーベレヒト・マース	2	0	0	35,59	18,53	12,49	27,71	20,64	15,49	10	1	3	0,0,0,0,0	24	1,1,6,0	1,1,0,0	7	0	0	20	25	3
180	180	Z3 zwei	マックス・シュルツ	2	0	0	35,59	18,53	10,47	27,71	24,68	15,49	10	1	3	0,0,0,0,0	24	1,1,6,0	1,1,0,0	7	0	0	20	25	3
181	181	天津風	あまつかぜ	2	20	316	18,37	7,25	10,29	28,79	22,53	18,59	10	1	3	0,0,0,0,0	30	1,1,6,0	1,1,1,1	6	120	100	20	20	1
182	182	明石	あかし	19	35	187	39,48	7,19	4,14	0,0	10,24	10,39	5	1	3	0,0,0,0,0	220	3,1,15,3	0,0,1,1	6	1500	200	50	10	1
183	183	大淀	おおよど	3	35	321	34,47	19,34	24,48	0,39	18,62	24,69	10	2	3	0,6,6,0,0	80	4,2,14,2	1,0,2,2	6	400	320	35	30	1
184	184	大鯨	たいげい・りゅうほう	20	25	185	39,55	15,37	5,15	0,0	16,36	20,59	5	1	3	2,3,3,0,0	150	2,2,12,2	0,0,1,2	4	700	450	35	10	1
185	185	龍鳳	たいげい・りゅうほう	7	50	318	39,57	18,38	0,20	0,0	24,48	20,69	5	1	3	18,7,6,0,0	160	2,3,13,4	0,0,2,2	5	450	550	35	35	3
186	186	時津風	ときつかぜ	2	30	322	16,34	6,19	10,29	24,69	10,40	13,49	10	1	2	0,0,0,0,0	24	1,1,6,0	0,1,0,1	5	120	110	15	20	1
187	187	明石改	あかし	19	0	0	45,58	9,27	6,24	0,0	16,36	12,49	5	1	4	0,0,0,0,0	150	3,2,16,3	0,0,1,1	7	0	0	55	15	3
188	188	利根改二	とね	6	0	0	59,72	48,79	46,77	32,82	32,82	15,69	10	2	4	2,2,9,5,0	90	5,8,18,5	3,1,3,2	7	0	0	50	65	1
189	189	筑摩改二	ちくま	6	0	0	58,72	48,79	46,77	33,83	33,83	14,67	10	2	4	2,2,9,5,0	90	5,8,18,5	3,1,3,2	7	0	0	50	65	1
190	118	初風	はつかぜ	2	20	300	16,34	6,19	10,29	24,69	9,39	10,49	10	1	2	0,0,0,0,0	24	1,1,6,0	0,1,0,1	4	100	100	15	20	3
191	123	伊19	い19	13	50	401	14,19	4,18	2,9	36,79	0,0	12,49	5	1	1	0,0,0,0,0	22	1,2,2,1	0,2,0,0	4	140	200	10	20	3
192	192	那智改二	なち	5	0	0	56,71	48,78	50,80	34,84	33,83	18,70	10	2	4	2,2,4,4,0	80	4,7,20,2	3,1,2,2	6	0	0	45	75	1
193	193	足柄改二	あしがら	5	0	0	56,71	47,79	53,82	34,84	26,74	20,72	10	2	4	2,2,4,4,0	80	4,7,20,2	3,1,2,2	6	0	0	45	75	3
194	194	羽黒改二	はぐろ	5	0	0	57,71	47,77	52,84	34,84	24,72	19,70	10	2	4	2,2,4,4,0	80	4,7,20,2	3,1,2,2	5	0	0	45	75	1
195	195	綾波改二	あやなみ	2	0	0	32,54	15,54	17,72	30,87	16,52	40,81	10	1	3	0,0,0,0,0	20	1,2,10,0	2,2,1,1	6	0	0	15	20	3
196	196	飛龍改二	ひりゅう	11	0	0	67,89	37,76	0,64	0,0	33,82	50,92	10	1	4	18,36,22,3,0	250	10,14,32,11	0,0,4,5	8	0	0	70	75	3
197	197	蒼龍改二	そうりゅう	11	0	0	67,89	36,75	0,57	0,0	34,84	15,59	10	1	4	18,35,20,6,0	250	10,14,32,11	0,0,4,5	8	0	0	70	75	3
199	199	大潮改二	おおしお	2	0	0	31,53	14,51	17,67	33,90	20,62	17,69	10	1	3	0,0,0,0,0	22	1,2,10,0	2,2,1,1	6	0	0	15	20	1
200	200	阿武隈改二	あぶくま	3	0	0	45,61	29,68	16,56	34,94	35,78	20,74	10	1	3	1,1,1,0,0	75	2,2,10,0	1,2,2,2	7	0	0	25	35	3
201	1301	吹雪改	ふぶき	2	70	426	30,49	13,49	12,49	28,79	15,49	12,49	10	1	3	0,0,0,0,0	20	1,2,10,0	1,1,1,1	4	230	270	15	20	3
202	1302	白雪改	しらゆき	2	0	0	30,49	13,49	12,49	28,79	15,49	12,49	10	1	3	0,0,0,0,0	20	1,2,10,0	1,1,1,1	4	0	0	15	20	1
203	1303	初雪改	はつゆき	2	0	0	30,49	13,49	12,49	28,79	15,49	12,49	10	1	3	0,0,0,0,0	20	1,2,10,0	1,1,1,1	4	0	0	15	20	1
204	1304	深雪改	みゆき	2	0	0	30,49	13,49	12,49	28,79	15,49	12,49	10	1	3	0,0,0,0,0	20	1,2,10,0	1,1,1,1	4	0	0	15	20	1
205	1305	叢雲改	むらくも	2	70	420	30,49	13,49	12,49	28,79	15,49	12,49	10	1	3	0,0,0,0,0	20	1,2,10,0	1,1,1,1	4	210	250	15	20	3
206	1306	磯波改	いそなみ	2	0	0	30,49	13,49	12,49	28,79	15,49	12,49	10	1	3	0,0,0,0,0	20	1,2,10,0	1,1,1,1	4	0	0	15	20	0
207	1307	綾波改	あやなみ	2	70	195	30,49	13,49	12,49	28,79	15,49	12,49	10	1	3	0,0,0,0,0	20	1,2,10,0	1,1,1,1	4	200	280	15	20	1
208	1308	敷波改	しきなみ	2	0	0	30,49	13,49	12,49	28,79	15,49	12,49	10	1	3	0,0,0,0,0	20	1,2,10,0	1,1,1,1	4	0	0	15	20	1
209	1309	金剛改	こんごう	8	75	149	75,89	67,89	72,94	0,0	28,79	12,69	10	3	4	3,3,3,3,0	240	10,14,33,3	4,0,2,3	6	2400	2400	90	120	1
210	1310	比叡改	ひえい	8	75	150	75,89	67,89	72,94	0,0	28,79	12,69	10	3	4	3,3,3,3,0	240	10,14,33,3	4,0,2,3	6	2400	2400	90	120	1
211	1311	榛名改	はるな	8	80	151	75,89	67,89	72,94	0,0	28,79	20,69	10	3	4	3,3,3,3,0	240	10,14,33,3	4,0,2,3	6	2400	2400	90	120	1
212	1312	霧島改	きりしま	8	75	152	75,89	67,89	72,94	0,0	28,79	12,69	10	3	4	3,3,3,3,0	240	10,14,33,3	4,0,2,3	6	2400	2400	90	120	1
213	1313	天龍改	てんりゅう	3	0	0	40,54	28,59	20,59	24,79	12,49	12,59	10	2	3	0,0,0,0,0	60	1,1,8,0	1,1,1,2	4	0	0	25	25	1
214	1314	龍田改	たつた	3	0	0	40,54	28,59	20,59	24,79	12,49	12,59	10	2	3	0,0,0,0,0	60	1,1,8,0	1,1,1,2	4	0	0	25	25	1
215	1315	球磨改	くま	3	0	0	42,59	29,69	20,69	24,89	15,69	12,59	10	2	3	1,1,1,0,0	60	2,2,10,0	2,1,1,2	5	0	0	25	30	1
216	1316	多摩改	たま	3	0	0	42,59	29,59	20,59	24,79	15,59	12,59	10	2	3	1,1,1,0,0	60	2,2,10,0	1,1,1,2	4	0	0	25	30	1
217	1317	木曾改	きそ	3	65	146	42,59	29,59	20,59	24,79	15,59	12,59	10	2	3	1,1,1,0,0	60	2,2,10,0	1,1,1,2	4	400	750	25	30	0
218	1318	長良改	ながら	3	0	0	43,59	29,69	20,69	24,89	15,69	12,59	10	2	3	1,1,1,0,0	60	2,2,10,0	2,1,1,2	5	0	0	25	30	1
219	1319	五十鈴改	いすず	3	50	141	37,59	29,59	18,59	24,79	40,59	12,59	10	2	3	1,1,1,0,0	60	2,2,10,0	1,1,4,2	4	270	360	25	30	0
220	1320	由良改	ゆら	3	0	0	43,59	29,59	20,59	24,79	15,59	12,59	10	2	3	1,1,1,0,0	60	2,2,10,0	1,1,1,2	4	0	0	25	30	0
221	1321	名取改	なとり	3	0	0	43,59	29,59	20,69	24,89	15,59	12,59	10	2	3	1,1,1,0,0	60	2,2,10,0	1,1,1,2	4	0	0	25	30	1
222	1322	川内改	せんだい	3	60	158	44,59	29,69	20,59	24,79	15,69	12,59	10	2	3	1,1,1,0,0	60	2,2,10,0	2,1,1,2	5	300	480	25	30	1
223	1323	神通改	じんつう	3	60	159	44,59	29,59	20,59	24,79	15,59	12,59	10	2	3	1,1,1,0,0	60	2,2,10,0	1,1,1,2	4	300	480	25	30	1
224	1324	那珂改	なか	3	48	160	44,59	29,59	20,59	24,79	15,59	12,59	10	2	3	1,1,1,0,0	60	2,2,10,0	1,1,1,2	4	480	400	25	30	1
225	1325	陽炎改	かげろう	2	0	0	32,49	14,49	12,49	28,79	16,49	12,59	10	1	3	0,0,0,0,0	24	1,2,10,0	1,1,1,1	4	0	0	15	20	1
226	1326	不知火改	しらぬい	2	0	0	32,49	14,49	12,49	28,79	16,49	12,59	10	1	3	0,0,0,0,0	24	1,2,10,0	1,1,1,1	4	0	0	15	20	1
227	1327	黒潮改	くろしお	2	0	0	32,49	14,49	12,49	28,79	16,49	12,59	10	1	3	0,0,0,0,0	24	1,2,10,0	1,1,1,1	4	0	0	15	20	1
228	1328	雪風改	ゆきかぜ	2	0	0	32,49	14,59	12,59	28,89	16,59	60,99	10	1	3	0,0,0,0,0	24	1,2,10,0	1,1,2,2	6	0	0	15	20	0
229	1329	島風改	しまかぜ	2	0	0	36,59	14,59	14,59	48,99	16,59	12,59	10	1	3	0,0,0,0,0	30	1,3,15,0	1,2,1,2	6	0	0	20	25	1
230	1330	朧改	おぼろ	2	0	0	30,49	13,49	12,49	28,79	15,49	12,59	10	1	3	0,0,0,0,0	20	1,2,10,0	1,1,1,1	4	0	0	15	20	1
231	1331	曙改	あけぼの	2	0	0	30,49	13,49	12,49	28,79	15,49	12,59	10	1	3	0,0,0,0,0	20	1,2,10,0	1,1,1,1	4	0	0	15	20	1
232	1332	漣改	さざなみ	2	0	0	30,49	13,49	12,49	28,79	15,49	12,59	10	1	3	0,0,0,0,0	20	1,2,10,0	1,1,1,1	4	0	0	15	20	1
233	1333	潮改	うしお	2	60	407	30,49	13,49	12,49	28,79	15,49	20,79	10	1	3	0,0,0,0,0	20	1,2,10,0	1,1,1,1	4	170	30	15	20	1
234	1334	暁改	あかつき	2	70	437	30,49	13,49	12,49	28,79	15,49	12,59	10	1	3	0,0,0,0,0	20	1,2,10,0	1,1,1,1	4	190	190	15	20	3
235	1335	響改	ひびき	2	70	147	30,49	13,49	12,49	28,79	15,49	12,59	10	1	3	0,0,0,0,0	20	1,2,10,0	1,1,1,1	4	240	200	15	20	0
236	1336	雷改	いかづち	2	0	0	30,49	13,49	12,49	28,79	15,49	12,59	10	1	3	0,0,0,0,0	20	1,2,10,0	1,1,1,1	4	0	0	15	20	1
237	1337	電改	いなづま	2	0	0	30,49	13,49	12,49	28,79	15,49	12,59	10	1	3	0,0,0,0,0	20	1,2,10,0	1,1,1,1	4	0	0	15	20	1
238	1338	初春改	はつはる	2	65	326	30,48	13,49	12,49	28,79	15,49	12,59	10	1	3	0,0,0,0,0	20	1,2,10,0	1,1,1,1	4	200	200	15	20	1
239	1339	子日改	ねのひ	2	0	0	30,48	13,49	12,49	28,79	15,49	12,59	10	1	3	0,0,0,0,0	20	1,2,10,0	1,1,1,1	4	0	0	15	20	1
240	1340	若葉改	わかば	2	0	0	30,48	13,49	12,49	28,79	15,49	12,59	10	1	3	0,0,0,0,0	20	1,2,10,0	1,1,1,1	4	0	0	15	20	1
241	1341	初霜改	はつしも	2	70	419	30,48	13,49	12,49	28,79	15,49	12,59	10	1	3	0,0,0,0,0	20	1,2,10,0	1,1,1,1	4	220	230	15	20	1
242	1342	白露改	しらつゆ	2	0	0	30,48	14,49	12,49	28,79	15,49	12,59	10	1	3	0,0,0,0,0	22	1,2,10,0	1,1,1,1	4	0	0	15	20	1
243	1343	時雨改	しぐれ	2	60	145	30,48	14,49	12,49	28,79	15,49	12,59	10	1	3	0,0,0,0,0	22	1,2,10,0	1,1,1,1	4	180	200	15	20	1
244	1344	村雨改	むらさめ	2	0	0	30,48	14,49	12,49	28,79	15,49	12,59	10	1	3	0,0,0,0,0	22	1,2,10,0	1,1,1,1	4	0	0	15	20	1
245	1345	夕立改	ゆうだち	2	55	144	30,48	14,49	12,49	28,79	15,49	12,59	10	1	3	0,0,0,0,0	22	1,2,10,0	1,1,1,1	4	180	200	15	20	1
246	1346	五月雨改	さみだれ	2	0	0	30,48	14,49	12,49	28,79	15,49	12,59	10	1	3	0,0,0,0,0	22	1,2,10,0	1,1,1,1	4	0	0	15	20	1
247	1347	涼風改	すずかぜ	2	0	0	30,48	14,49	12,49	28,79	15,49	12,59	10	1	3	0,0,0,0,0	22	1,2,10,0	1,1,1,1	4	0	0	15	20	1
248	1348	朝潮改	あさしお	2	70	463	31,49	14,49	12,49	28,79	16,49	12,59	10	1	3	0,0,0,0,0	22	1,2,10,0	1,1,1,1	4	390	360	15	20	1
249	1349	大潮改	おおしお	2	65	199	31,49	14,49	12,49	28,79	16,49	12,59	10	1	3	0,0,0,0,0	22	1,2,10,0	1,1,1,1	4	270	200	15	20	1
250	1350	満潮改	みちしお	2	0	0	31,49	14,49	12,49	28,79	16,49	12,59	10	1	3	0,0,0,0,0	22	1,2,10,0	1,1,1,1	4	0	0	15	20	1
251	1351	荒潮改	あらしお	2	0	0	31,49	14,49	12,49	28,79	16,49	12,59	10	1	3	0,0,0,0,0	22	1,2,10,0	1,1,1,1	4	0	0	15	20	1
252	1352	霰改	あられ	2	0	0	31,49	14,49	12,49	28,79	16,49	12,59	10	1	3	0,0,0,0,0	22	1,2,10,0	1,1,1,1	4	0	0	15	20	1
253	1353	霞改	かすみ	2	75	464	31,49	14,49	12,49	28,79	16,49	20,79	10	1	3	0,0,0,0,0	22	1,2,10,0	1,1,1,1	4	390	300	15	20	1
254	1354	睦月改	むつき	2	65	434	24,39	11,39	9,39	18,69	12,39	12,59	10	1	3	0,0,0,0,0	18	1,1,4,0	1,1,0,0	4	170	100	15	15	1
255	1355	如月改	きさらぎ	2	65	435	24,39	11,39	9,39	18,69	12,39	12,59	10	1	3	0,0,0,0,0	18	1,1,4,0	0,1,0,0	4	170	100	15	15	1
256	1356	皐月改	さつき	2	75	418	24,39	11,39	9,39	18,69	12,39	12,59	10	1	3	0,0,0,0,0	18	1,1,4,0	0,1,0,0	4	330	270	15	15	1
257	1357	文月改	ふみづき	2	0	0	24,39	11,39	9,39	18,69	12,39	12,59	10	1	3	0,0,0,0,0	18	1,1,4,0	0,1,0,0	4	0	0	15	15	1
258	1358	長月改	ながつき	2	0	0	24,39	11,39	9,39	18,69	12,39	20,79	10	1	3	0,0,0,0,0	18	1,1,4,0	0,1,0,0	4	0	0	15	15	1
259	1359	菊月改	きくづき	2	0	0	24,39	11,39	9,39	18,69	12,39	12,59	10	1	3	0,0,0,0,0	18	1,1,4,0	0,1,0,0	4	0	0	15	15	1
260	1360	三日月改	みかづき	2	0	0	24,39	11,39	9,39	18,69	12,39	12,59	10	1	3	0,0,0,0,0	18	1,1,4,0	0,1,0,0	4	0	0	15	15	1
261	1361	望月改	もちづき	2	0	0	24,39	11,39	9,39	18,69	12,39	12,59	10	1	3	0,0,0,0,0	18	1,1,4,0	0,1,0,0	4	0	0	15	15	1
262	1362	古鷹改	ふるたか	5	65	416	48,65	32,70	36,70	18,59	18,59	10,59	10	2	4	2,2,2,2,0	60	3,6,15,1	2,1,1,2	4	380	480	35	55	1
263	1363	加古改	かこ	5	65	417	48,65	32,70	36,70	18,59	18,59	10,59	10	2	4	2,2,2,2,0	60	3,6,15,1	2,1,1,2	4	380	480	35	55	1
264	1364	青葉改	あおば	5	0	0	49,65	34,70	36,72	18,59	18,59	30,79	10	2	4	2,2,2,2,0	60	3,6,15,1	2,1,1,2	4	0	0	35	55	0
265	1365	妙高改	みょうこう	5	70	319	55,69	42,73	48,76	24,79	18,69	10,59	10	2	4	2,2,2,2,0	80	4,7,20,2	3,1,1,2	5	800	900	40	70	3
266	1366	那智改	なち	5	65	192	55,69	42,73	48,76	24,69	18,69	10,59	10	2	4	2,2,2,2,0	80	4,7,20,2	3,1,1,2	4	800	900	40	70	1
267	1367	足柄改	あしがら	5	65	193	55,69	42,73	48,77	24,69	18,69	10,59	10	2	4	2,2,2,2,0	80	4,7,20,2	3,1,1,2	4	800	900	40	70	3
268	1368	羽黒改	はぐろ	5	65	194	55,69	42,73	48,77	24,69	18,69	10,59	10	2	4	2,2,2,2,0	80	4,7,20,2	3,1,1,2	4	800	900	40	70	1
269	1369	高雄改	たかお	5	0	0	57,69	45,75	48,77	24,79	20,69	10,59	10	2	4	2,2,2,2,0	85	4,7,20,2	3,1,1,2	5	0	0	40	70	1
270	1370	愛宕改	あたご	5	0	0	57,69	45,75	48,77	24,79	20,69	10,59	10	2	4	2,2,2,2,0	85	4,7,20,2	3,1,1,2	5	0	0	40	70	1
271	1371	摩耶改	まや	5	75	428	55,69	45,75	43,78	24,69	55,89	10,59	10	2	4	2,2,2,2,0	85	4,7,20,2	2,1,4,2	4	750	1150	40	70	1
272	1372	鳥海改	ちょうかい	5	65	427	57,69	45,75	48,78	24,69	20,69	10,59	10	2	4	2,2,2,2,0	85	4,7,20,2	3,1,1,2	4	650	1300	40	70	1
273	1373	利根改	とね	5	70	188	56,69	46,77	42,76	24,79	24,79	10,59	10	2	4	4,4,4,4,0	90	5,7,18,3	3,1,2,2	5	1000	700	45	65	1
274	1374	筑摩改	ちくま	5	70	189	56,69	46,77	42,76	24,79	24,79	10,59	10	2	4	4,4,4,4,0	90	5,7,18,3	3,1,2,2	5	1000	700	45	65	1
275	1375	長門改	ながと	9	0	0	90,98	85,98	90,99	0,0	33,99	32,99	5	3	4	3,3,3,3,0	300	20,30,50,3	5,0,2,5	7	0	0	100	160	1
276	1376	陸奥改	むつ	9	0	0	90,98	85,98	90,99	0,0	33,99	6,59	5	3	4	3,3,3,3,0	300	20,30,50,3	5,0,2,5	7	0	0	100	160	1
277	1377	赤城改	あかぎ	11	0	0	77,92	40,79	0,54	0,0	35,79	12,59	10	1	4	20,20,32,10,0	270	10,15,35,12	0,0,5,4	7	0	0	75	75	1
278	1378	加賀改	かが	11	0	0	79,92	40,79	0,49	0,0	30,79	12,59	10	1	4	20,20,46,12,0	260	10,17,40,15	0,0,5,4	6	0	0	80	80	3
279	1379	蒼龍改	そうりゅう	11	78	197	65,89	35,69	0,39	0,0	30,79	12,59	10	1	4	18,27,18,10,0	250	9,13,30,10	0,0,4,4	6	1200	1700	65	65	3
280	1380	飛龍改	ひりゅう	11	77	196	65,89	35,69	0,39	0,0	30,79	40,89	10	1	4	18,27,18,10,0	250	9,13,30,10	0,0,4,4	7	1200	1700	65	65	3
281	1381	龍驤改	りゅうじょう	7	75	157	45,69	25,59	0,29	0,0	20,39	12,59	10	1	4	9,24,5,5,0	170	4,6,20,6	0,0,3,2	5	600	600	40	40	1
282	1382	祥鳳改	しょうほう	7	0	0	45,69	25,59	0,29	0,0	18,39	12,59	10	1	4	18,12,12,6,0	160	4,6,20,6	0,0,3,2	5	0	0	40	40	1
283	1383	飛鷹改	ひよう	7	0	0	50,79	30,59	0,29	0,0	25,69	12,59	5	1	4	18,18,18,12,0	180	6,10,25,8	0,0,3,3	5	0	0	45	45	1
284	1384	隼鷹改	じゅんよう	7	80	408	50,79	30,59	0,29	0,0	25,69	30,79	5	1	4	18,18,18,12,0	180	6,10,25,8	0,0,3,3	5	900	1400	45	45	1
285	1385	鳳翔改	ほうしょう	7	0	0	40,59	25,49	0,29	0,0	15,39	30,79	5	1	3	14,16,12,0,0	120	3,4,15,4	0,0,2,2	4	0	0	30	30	1
286	1386	扶桑改	ふそう	10	80	411	75,89	72,89	63,79	0,0	40,89	10,59	5	3	4	10,10,10,10,0	260	10,15,35,3	4,0,2,4	5	3500	2400	95	105	1
287	1387	山城改	やましろ	10	80	412	75,89	72,89	63,79	0,0	40,89	10,59	5	3	4	10,10,10,10,0	260	10,15,35,3	4,0,2,4	5	3500	2400	95	105	1
288	1388	翔鶴改	しょうかく	11	80	461	75,90	42,72	0,39	0,0	40,79	12,89	10	1	4	24,24,24,12,0	360	7,10,30,10	0,0,4,3	6	3700	1200	65	70	3
289	1389	鬼怒改	きぬ	3	75	487	41,59	29,59	20,59	24,79	15,59	12,59	10	2	3	1,1,1,0,0	75	2,2,10,0	1,1,1,2	5	580	350	25	35	3
290	1390	阿武隈改	あぶくま	3	75	200	42,59	29,59	20,59	24,79	15,59	12,59	10	2	3	1,1,1,0,0	75	2,2,10,0	1,1,1,2	6	550	400	25	35	3
291	1391	千歳航改	ちとせ	7	50	296	57,79	32,64	0,34	0,0	27,69	12,59	10	1	4	24,16,8,8,0	190	5,10,24,7	0,0,3,3	5	430	370	45	40	3
292	1392	千代田航改	ちよだ	7	50	297	57,79	32,64	0,34	0,0	27,69	12,59	10	1	4	24,16,8,8,0	190	5,10,24,7	0,0,3,3	5	430	370	45	40	3
293	1393	夕張改	ゆうばり	3	0	0	36,49	28,49	23,63	24,79	20,69	17,69	10	2	4	0,0,0,0,0	82	2,2,7,0	1,1,2,1	6	0	0	25	40	3
294	1394	舞風改	まいかぜ	2	0	0	32,49	14,49	12,49	28,79	16,49	12,59	10	1	3	0,0,0,0,0	24	1,2,10,0	1,1,1,1	5	0	0	15	20	3
295	1395	衣笠改	きぬがさ	5	55	142	49,65	34,64	36,66	18,59	18,59	10,59	10	2	4	2,2,2,2,0	60	3,6,15,1	2,1,1,2	5	380	480	35	60	3
296	121	千歳航改二	ちとせ	7	0	0	58,79	32,65	0,34	0,0	30,72	13,59	10	1	4	24,16,11,8,0	190	5,10,24,7	0,0,3,3	6	0	0	45	40	3
297	122	千代田航改二	ちよだ	7	0	0	58,79	32,65	0,34	0,0	30,72	13,59	10	1	4	24,16,11,8,0	190	5,10,24,7	0,0,3,3	6	0	0	45	40	3
300	1396	初風改	はつかぜ	2	0	0	32,49	14,49	12,49	28,79	16,49	12,59	10	1	3	0,0,0,0,0	24	1,2,10,0	1,1,1,1	5	0	0	15	20	3
301	1397	秋雲改	あきぐも	2	0	0	32,49	14,49	8,44	28,79	22,59	15,59	10	1	3	0,0,0,0,0	24	1,2,10,0	1,1,1,1	5	0	0	15	20	3
302	1398	夕雲改	ゆうぐも	2	0	0	32,49	14,49	12,50	28,80	16,50	12,59	10	1	3	0,0,0,0,0	24	1,2,10,0	1,1,1,1	5	0	0	15	20	3
303	1399	巻雲改	まきぐも	2	0	0	32,49	14,49	12,50	28,80	16,50	12,59	10	1	3	0,0,0,0,0	24	1,2,10,0	1,1,1,1	5	0	0	15	20	3
304	1400	長波改	ながなみ	2	0	0	32,49	14,49	12,50	28,80	16,50	14,59	10	1	3	0,0,0,0,0	24	1,2,10,0	1,1,1,1	5	0	0	15	20	3
305	1401	阿賀野改	あがの	3	0	0	45,62	31,69	28,66	24,79	20,72	10,59	10	2	3	2,2,2,0,0	60	3,5,14,1	2,1,1,2	6	0	0	30	40	7
306	1402	能代改	のしろ	3	0	0	45,62	31,69	28,66	24,79	20,72	10,64	10	2	3	2,2,2,0,0	60	3,5,14,1	2,1,1,2	6	0	0	30	40	7
307	1403	矢矧改	やはぎ	3	0	0	47,63	32,69	28,68	24,79	22,74	14,69	10	2	3	2,2,2,0,0	60	3,5,14,1	2,1,1,2	8	0	0	30	40	7
308	1404	弥生改	やよい	2	0	0	24,39	11,39	9,39	18,69	12,39	12,59	10	1	3	0,0,0,0,0	18	1,1,4,0	1,1,0,0	5	0	0	15	15	1
309	1405	卯月改	うづき	2	0	0	24,39	12,39	7,34	18,69	18,49	14,59	10	1	3	0,0,0,0,0	18	1,1,4,0	0,1,0,0	5	0	0	15	15	1
310	1406	Z1改	レーベレヒト・マース	2	70	179	33,59	15,45	11,45	25,70	15,45	12,49	10	1	3	0,0,0,0,0	24	1,1,6,0	1,1,0,0	6	350	300	20	25	3
311	1407	Z3改	マックス・シュルツ	2	70	180	33,59	15,45	11,45	25,70	15,45	12,49	10	1	3	0,0,0,0,0	24	1,1,6,0	1,1,0,0	6	350	300	20	25	3
312	1408	浜風改	はまかぜ	2	0	0	32,49	14,49	12,48	28,79	22,60	17,59	10	1	3	0,0,0,0,0	24	1,2,10,0	1,1,1,1	5	0	0	15	20	1
313	1409	谷風改	たにかぜ	2	0	0	32,49	14,49	12,48	28,79	16,49	16,59	10	1	3	0,0,0,0,0	24	1,2,10,0	1,1,1,1	5	0	0	15	20	1
314	1410	酒匂改	さかわ	3	0	0	46,62	31,69	27,64	23,78	19,73	30,74	10	2	3	2,2,2,0,0	60	3,5,14,1	2,1,1,2	6	0	0	30	40	7
316	1411	天津風改	あまつかぜ	2	0	0	34,54	14,61	12,49	32,84	23,63	17,69	10	1	3	0,0,0,0,0	24	1,2,10,0	1,1,1,1	7	0	0	20	20	3
317	1412	浦風改	うらかぜ	2	0	0	32,49	14,49	12,48	28,79	16,49	13,59	10	1	3	0,0,0,0,0	24	1,2,10,0	1,1,1,1	5	0	0	15	20	1
318	190	龍鳳改	たいげい・りゅうほう	7	0	0	48,70	24,57	0,32	0,0	28,62	24,79	5	1	4	21,9,9,6,0	160	4,8,24,5	0,0,2,2	6	0	0	35	40	3
319	191	妙高改二	みょうこう	5	0	0	56,71	47,78	50,80	36,88	28,80	32,79	10	2	4	2,2,4,4,0	80	4,7,20,2	3,1,2,2	6	0	0	45	75	3
320	1413	磯風改	いそかぜ	2	0	0	33,49	14,49	12,48	28,79	24,64	18,81	10	1	3	0,0,0,0,0	24	1,2,10,0	1,1,1,1	6	0	0	15	20	3
321	1414	大淀改	おおよど	3	0	0	47,64	32,68	32,63	0,49	22,74	30,79	10	2	4	0,6,6,0,0	80	4,3,14,3	2,0,2,2	7	0	0	35	35	3
322	1415	時津風改	ときつかぜ	2	0	0	32,49	14,49	12,48	28,79	16,49	12,59	10	1	3	0,0,0,0,0	24	1,2,10,0	1,1,1,1	6	0	0	15	20	3
323	1416	春雨改	はるさめ	2	0	0	30,49	14,49	12,49	28,79	15,49	12,59	10	1	3	0,0,0,0,0	22	1,2,10,0	1,1,1,1	5	0	0	15	20	3
324	1417	早霜改	はやしも	2	0	0	32,49	14,49	12,50	28,80	16,50	12,59	10	1	3	0,0,0,0,0	24	1,2,10,0	1,1,1,1	5	0	0	15	20	3
325	1418	清霜改	きよしも	2	0	0	32,49	14,49	12,50	28,80	16,50	13,59	10	1	3	0,0,0,0,0	24	1,2,10,0	1,1,1,1	5	0	0	15	20	3
326	204	初春改二	はつはる	2	0	0	31,52	14,51	13,54	32,90	23,73	16,59	10	1	3	0,0,0,0,0	20	1,2,10,0	1,2,1,1	6	0	0	15	20	1
327	1419	朝雲改	あさぐも	2	0	0	31,49	14,49	12,49	28,79	16,49	12,59	10	1	3	0,0,0,0,0	22	1,2,10,0	1,1,1,1	5	0	0	15	20	3
328	1420	山雲改	やまぐも	2	0	0	31,49	14,48	12,49	28,79	16,49	11,58	10	1	3	0,0,0,0,0	22	1,2,10,0	1,1,1,1	5	0	0	15	20	3
329	1421	野分改	のわき	2	0	0	32,49	14,49	12,48	28,79	16,49	13,59	10	1	3	0,0,0,0,0	24	1,2,10,0	1,1,1,1	6	0	0	15	20	3
330	1422	秋月改	あきづき	2	0	0	37,57	16,53	24,57	24,54	80,116	12,69	10	1	3	0,0,0,0,0	30	1,2,13,1	1,1,3,1	7	0	0	20	25	3
331	202	天城	あまぎ	11	50	429	48,79	26,51	0,25	0,0	27,72	13,59	10	1	4	18,24,3,6,0	210	7,9,26,5	0,0,3,3	6	750	1000	50	45	1
332	203	葛城	かつらぎ	11	50	430	48,79	27,52	0,25	0,0	27,72	20,69	10	1	4	18,24,3,6,0	210	7,9,26,5	0,0,3,3	6	750	1000	50	45	1
334	1504	U-511改	ゆー511・ろ500	13	55	436	13,18	6,20	3,12	27,64	0,0	34,67	5	1	2	0,0,0,0,0	22	1,2,2,1	1,2,0,0	6	170	270	10	20	1
343	1423	香取改	かとり	21	0	0	40,54	15,39	16,36	14,40	24,48	12,54	5	2	4	2,2,2,2,0	70	3,2,11,1	1,1,2,1	5	0	0	35	20	3
344	1424	朝霜改	あさしも	2	0	0	33,49	14,49	12,47	28,78	22,62	18,68	10	1	3	0,0,0,0,0	24	1,3,10,1	0,1,1,1	5	0	0	15	20	1
345	1425	高波改	たかなみ	2	0	0	32,49	14,49	12,50	28,80	16,50	10,57	10	1	3	0,0,0,0,0	24	1,2,10,0	1,1,1,1	5	0	0	15	20	3
346	1426	照月改	てるづき	2	0	0	37,57	16,52	24,58	25,56	80,114	11,59	10	1	3	0,0,0,0,0	30	1,2,13,1	1,1,3,1	7	0	0	20	25	3
347	1427	Libeccio改	リベッチオ	2	0	0	29,46	15,50	11,48	27,72	20,59	16,69	10	1	3	0,0,0,0,0	23	1,2,10,0	1,1,1,1	7	0	0	15	20	3
348	1428	瑞穂改	みずほ	16	0	0	42,62	24,48	18,45	15,72	18,44	10,54	5	1	3	12,12,8,0,0	140	3,3,15,5	1,2,1,2	5	0	0	40	45	3
349	1429	風雲改	かざぐも	2	0	0	32,49	14,49	12,50	29,81	17,51	14,69	10	1	3	0,0,0,0,0	24	1,2,10,0	1,1,1,1	5	0	0	15	20	3
350	1430	海風改	うみかぜ	2	0	0	30,48	14,49	12,49	28,79	16,50	13,64	10	1	3	0,0,0,0,0	22	1,2,10,0	1,1,1,1	4	0	0	15	20	3
351	1431	江風改	かわかぜ	2	75	469	30,48	14,49	12,49	29,80	15,49	12,59	10	1	3	0,0,0,0,0	22	1,2,10,0	1,1,1,1	5	300	390	15	20	3
352	1432	速吸改	はやすい	22	0	0	48,50	6,19	8,36	0,0	20,48	8,44	5	1	3	6,3,1,0,0	220	8,1,20,1	1,1,2,1	7	0	0	120	20	3
353	1433	Graf Zeppelin改	グラーフ・ツェッペリン	11	0	0	78,92	42,80	15,50	0,0	44,80	7,47	10	2	4	30,13,10,3,0	270	10,17,36,8	2,0,4,4	7	0	0	70	80	3
354	1434	嵐改	あらし	2	0	0	32,49	14,49	12,49	28,79	16,49	12,63	10	1	3	0,0,0,0,0	24	1,2,10,0	1,1,1,1	6	0	0	15	20	3
355	1435	萩風改	はぎかぜ	2	0	0	32,49	14,49	13,50	28,79	16,49	12,63	10	1	3	0,0,0,0,0	24	1,2,10,0	1,1,1,1	6	0	0	15	20	3
356	1436	鹿島改	かしま	21	0	0	40,54	15,39	14,37	13,39	22,62	20,79	5	2	4	2,2,2,2,0	70	3,2,11,1	1,1,2,1	5	0	0	35	20	3
357	1437	初月改	はつづき	2	0	0	37,57	17,54	25,60	24,54	80,110	8,71	10	1	3	0,0,0,0,0	30	1,2,13,1	1,1,3,1	7	0	0	20	25	3
358	1438	Zara改	ザラ	5	0	0	56,68	46,78	42,75	0,40	22,72	12,56	10	3	4	2,2,2,2,0	70	4,6,18,3	4,0,1,2	7	0	0	45	65	3
359	1439	沖波改	おきなみ	2	0	0	32,49	14,49	12,50	29,81	16,50	12,59	10	1	3	0,0,0,0,0	24	1,2,10,0	1,1,1,1	5	0	0	15	20	3
360	1440	Iowa改	アイオワ	8	0	0	92,103	89,107	90,115	0,0	82,120	40,99	10	3	4	4,4,4,4,0	500	32,45,100,40	6,0,3,5	8	0	0	200	275	3
361	1441	Pola改	ポーラ	5	0	0	56,68	45,77	41,77	0,44	21,73	11,57	10	3	4	2,2,2,2,0	70	4,6,18,3	4,0,1,2	7	0	0	45	65	3
362	1442	親潮改	おやしお	2	0	0	32,49	14,49	13,50	28,78	16,48	14,64	10	1	3	0,0,0,0,0	24	1,2,10,0	1,1,1,1	6	0	0	15	20	3
363	1443	春風改	はるかぜ	2	0	0	23,38	11,38	7,38	14,68	10,56	30,89	10	1	3	0,0,0,0,0	18	1,1,4,0	1,1,0,0	5	0	0	15	15	3
364	1444	Warspite改	ウォースパイト	9	0	0	82,92	78,93	86,106	0,0	48,98	70,109	5	3	4	3,3,3,3,0	280	19,28,46,12	4,0,2,4	8	0	0	90	110	3
365	1445	Aquila改	アクィラ	11	0	0	48,78	28,57	0,24	0,0	30,72	7,37	10	1	4	15,26,15,10,0	270	7,9,24,13	1,0,3,3	8	0	0	45	55	3
366	1446	水無月改	みなづき	2	0	0	24,39	11,39	9,39	18,69	12,39	16,66	10	1	3	0,0,0,0,0	18	1,1,4,0	1,1,0,0	5	0	0	15	15	3
367	1447	伊26改	い26	14	0	0	18,24	5,19	3,12	39,86	0,0	16,66	5	1	2	1,1,0,0,0	22	1,2,2,2	0,2,1,0	5	0	0	10	25	3
368	1448	浦波改	うらなみ	2	0	0	30,49	13,49	12,49	28,79	16,54	17,67	10	1	3	0,0,0,0,0	20	1,2,10,0	1,1,1,1	5	0	0	15	20	3
398	1498	伊168改	い168	13	0	0	15,19	5,18	3,11	30,69	0,0	10,49	5	1	2	0,0,0,0,0	22	1,2,2,1	0,2,0,0	4	0	0	10	20	3
399	1499	伊58改	い58	14	0	0	18,24	5,19	3,12	36,84	0,0	50,79	5	1	2	1,1,0,0,0	22	1,2,2,2	0,2,1,0	5	0	0	10	25	3
400	1500	伊8改	い8	14	0	0	19,25	5,19	4,14	36,84	0,0	25,69	5	1	2	1,1,0,0,0	22	1,2,2,2	0,2,1,0	6	0	0	10	25	3
401	1501	伊19改	い19	14	0	0	18,24	5,19	3,12	42,89	0,0	13,59	5	1	2	1,1,0,0,0	22	1,2,2,2	0,2,1,0	5	0	0	10	25	3
402	1502	まるゆ改	まるゆ	13	0	0	7,13	2,11	1,5	0,19	0,0	7,77	5	1	1	0,0,0,0,0	17	1,0,1,0	0,1,0,1	6	0	0	10	10	3
403	1503	伊401改	い401	14	0	0	24,39	7,24	6,19	40,80	0,0	20,59	5	1	2	3,3,0,0,0	200	1,2,4,3	0,2,1,1	7	0	0	25	30	3
404	201	雲龍	うんりゅう	11	50	406	48,79	26,52	0,27	0,0	28,72	10,49	10	1	4	18,24,3,6,0	210	7,9,26,5	0,0,3,3	6	750	1000	50	45	1
405	205	春雨	はるさめ	2	30	323	16,32	6,19	10,29	24,69	9,39	10,49	10	1	2	0,0,0,0,0	22	1,1,5,0	1,1,0,0	4	110	120	15	20	1
406	206	雲龍改	うんりゅう	11	0	0	60,84	35,77	0,48	0,0	32,78	12,59	10	1	4	18,21,27,3,0	210	7,13,30,10	0,0,4,3	7	0	0	50	55	3
407	207	潮改二	うしお	2	0	0	33,53	15,56	10,52	25,80	24,74	32,83	10	1	3	0,0,0,0,0	20	1,2,10,0	1,2,2,1	6	0	0	15	20	1
408	208	隼鷹改二	じゅんよう	7	0	0	55,82	31,62	0,40	0,0	36,74	41,84	5	1	4	24,18,20,4,0	180	6,14,26,10	0,0,4,3	6	0	0	45	50	1
409	209	早霜	はやしも	2	30	324	16,34	6,19	10,30	24,69	9,39	11,49	10	1	2	0,0,0,0,0	24	1,1,6,0	0,1,0,1	4	110	140	15	20	1
410	210	清霜	きよしも	2	30	325	16,34	6,19	10,30	24,69	9,39	12,49	10	1	2	0,0,0,0,0	24	1,1,6,0	0,1,0,1	4	110	140	15	20	1
411	211	扶桑改二	ふそう	10	0	0	77,94	72,90	80,99	0,0	44,88	13,69	5	3	4	4,4,9,23,0	260	12,15,38,5	5,0,3,4	6	0	0	105	140	1
412	212	山城改二	やましろ	10	0	0	77,94	73,91	80,98	0,0	43,87	14,70	5	3	4	4,4,9,23,0	260	12,15,38,5	5,0,3,4	6	0	0	105	140	1
413	213	朝雲	あさぐも	2	35	327	16,33	6,19	10,29	24,69	9,39	8,49	10	1	2	0,0,0,0,0	22	1,1,5,0	0,1,0,1	4	110	140	15	20	1
414	214	山雲	やまぐも	2	35	328	16,33	6,19	10,29	24,69	9,39	7,49	10	1	2	0,0,0,0,0	22	1,1,5,0	0,1,0,1	4	110	140	15	20	1
415	215	野分	のわき	2	35	329	16,34	6,19	10,29	24,69	12,44	14,49	10	1	2	0,0,0,0,0	24	1,1,6,0	0,1,0,1	5	110	140	15	20	1
416	216	古鷹改二	ふるたか	5	0	0	53,65	34,72	39,77	24,75	22,64	14,64	10	2	4	2,2,2,2,0	60	3,7,16,1	2,1,1,2	6	0	0	35	65	1
417	217	加古改二	かこ	5	0	0	52,64	33,72	40,78	25,77	24,65	12,62	10	2	4	2,2,2,2,0	60	3,7,16,1	2,1,1,2	6	0	0	35	65	1
418	218	皐月改二	さつき	2	0	0	28,44	12,45	8,42	27,78	40,82	20,79	10	1	3	0,0,0,0,0	18	1,2,7,0	1,2,2,0	6	0	0	15	15	1
419	219	初霜改二	はつしも	2	0	0	31,52	14,51	12,53	28,84	35,81	53,100	10	1	3	0,0,0,0,0	22	1,2,10,0	2,2,1,1	6	0	0	15	20	1
420	220	叢雲改二	むらくも	2	0	0	31,49	14,50	14,57	32,89	27,74	15,57	10	1	3	0,0,0,0,0	22	1,2,10,0	1,2,1,1	6	0	0	15	20	3
421	221	秋月	あきづき	2	40	330	20,40	9,27	16,48	16,48	70,104	10,59	10	1	3	0,0,0,0,0	30	1,2,13,1	0,1,3,1	6	170	270	20	25	1
422	222	照月	てるづき	2	40	346	20,40	9,26	16,49	16,49	70,103	9,49	10	1	3	0,0,0,0,0	30	1,2,13,1	0,1,3,1	6	170	270	20	25	1
423	223	初月	はつづき	2	40	357	20,40	9,28	18,50	15,47	70,101	7,47	10	1	3	0,0,0,0,0	30	1,2,13,1	0,1,3,1	6	170	270	20	25	1
424	224	高波	たかなみ	2	30	345	16,34	6,19	10,30	24,69	9,39	8,44	10	1	2	0,0,0,0,0	24	1,1,6,0	0,1,0,1	4	110	130	15	20	1
425	225	朝霜	あさしも	2	45	344	16,34	6,19	10,29	24,68	9,44	16,59	10	1	2	0,0,0,0,0	24	1,1,6,0	0,1,0,1	4	150	170	15	20	1
426	226	吹雪改二	ふぶき	2	0	0	31,49	14,50	15,59	30,88	35,78	17,77	10	1	3	0,0,0,0,0	20	1,2,10,0	2,2,1,1	6	0	0	15	20	3
427	227	鳥海改二	ちょうかい	5	0	0	57,72	46,78	55,85	35,86	24,70	19,68	10	2	4	3,3,3,3,0	85	4,7,21,3	4,1,2,2	6	0	0	45	80	1
428	228	摩耶改二	まや	5	0	0	57,71	48,78	42,77	34,84	72,106	14,64	10	2	4	3,3,3,3,0	85	4,6,21,4	2,1,5,2	6	0	0	45	80	1
429	229	天城改	あまぎ	11	0	0	60,84	35,76	0,45	0,0	33,79	17,69	10	1	4	18,21,27,3,0	210	7,13,30,10	0,0,4,3	7	0	0	50	55	3
430	230	葛城改	かつらぎ	11	0	0	60,84	36,78	0,45	0,0	32,78	30,79	10	1	4	18,21,27,3,0	210	7,13,30,10	0,0,4,3	7	0	0	50	55	3
431	231	U-511	ゆー511・ろ500	13	35	334	8,16	4,16	2,8	22,58	0,0	30,63	5	1	1	0,0,0,0,0	22	1,2,2,1	0,2,0,0	5	170	270	10	20	1
432	232	Graf Zeppelin	グラーフ・ツェッペリン	11	50	353	70,89	29,57	10,40	0,0	40,70	4,39	10	2	3	20,13,10,0,0	270	8,15,32,7	2,0,3,4	7	1300	900	55	65	1
434	234	睦月改二	むつき	2	0	0	27,43	12,43	10,45	28,79	16,56	14,64	10	1	3	0,0,0,0,0	18	1,2,7,0	1,2,1,0	6	0	0	15	15	1
435	235	如月改二	きさらぎ	2	0	0	27,43	12,43	10,46	28,80	18,57	13,60	10	1	3	0,0,0,0,0	18	1,2,7,0	1,2,1,0	6	0	0	15	15	1
436	236	呂500	ゆー511・ろ500	13	0	0	13,19	7,21	4,13	30,69	0,0	44,77	5	1	2	0,0,0,0,0	22	1,2,2,1	1,2,0,0	7	0	0	10	20	3
437	237	暁改二	あかつき	2	0	0	31,50	14,50	14,62	32,90	19,59	15,67	10	1	3	0,0,0,0,0	20	1,2,10,0	1,2,1,1	6	0	0	15	20	3
439	239	Warspite	ウォースパイト	9	75	364	72,87	72,91	72,92	0,0	38,88	55,89	5	3	4	3,3,3,3,0	280	8,18,36,4	4,0,2,4	7	1200	1100	90	110	1
440	240	Iowa	アイオワ	8	50	360	84,95	79,95	85,105	0,0	70,96	35,89	10	3	4	4,4,4,4,0	500	30,45,90,30	6,0,3,5	7	2800	3400	200	250	1
441	241	Littorio	リットリオ・イタリア	8	35	446	88,94	72,86	78,97	0,0	40,72	20,69	10	4	4	3,3,3,3,0	300	10,18,37,6	3,0,1,3	6	900	1500	130	150	1
442	242	Roma	ローマ	8	35	447	88,94	71,85	79,98	0,0	44,74	6,39	10	4	4	3,3,3,3,0	300	10,18,37,6	3,0,1,3	6	900	1500	130	150	1
443	243	Libeccio	リベッチオ	2	30	347	15,30	7,18	9,27	22,58	11,41	12,59	10	1	2	0,0,0,0,0	23	1,1,6,0	1,1,0,0	6	100	170	15	20	1
444	244	Aquila	アクィラ	11	45	365	38,60	18,38	0,14	0,0	18,48	5,29	10	1	3	10,26,15,0,0	240	5,8,18,8	1,0,3,2	7	1000	880	40	45	1
445	245	秋津洲	あきつしま	16	35	450	32,44	9,25	6,18	0,0	12,36	12,59	5	1	2	1,1,0,0,0	70	3,1,7,4	0,0,1,1	7	350	700	50	10	1
446	246	Italia	リットリオ・イタリア	8	0	0	92,98	77,92	81,102	0,0	44,90	30,79	10	4	4	3,3,3,3,0	300	18,28,39,7	5,0,2,3	7	0	0	140	170	7
447	247	Roma改	ローマ	8	0	0	92,98	76,90	82,105	0,0	46,94	8,57	10	4	4	3,3,3,3,0	300	18,28,39,7	5,0,2,3	7	0	0	140	170	3
448	248	Zara	ザラ	5	40	358	42,55	36,54	36,58	0,28	18,62	10,48	10	3	3	2,2,2,0,0	70	2,2,11,2	3,0,0,2	6	280	420	45	60	1
449	249	Pola	ポーラ	5	40	361	42,55	35,53	35,59	0,32	16,64	9,49	10	3	3	2,2,2,0,0	70	2,2,11,2	3,0,0,2	6	270	440	45	60	1
450	250	秋津洲改	あきつしま	16	0	0	36,48	13,42	8,28	0,0	16,44	14,72	5	1	3	1,1,1,0,0	70	3,1,7,6	0,0,2,1	8	0	0	60	15	3
451	251	瑞穂	みずほ	16	40	348	41,59	19,42	12,36	0,32	16,32	8,39	5	1	2	12,12,0,0,0	140	3,2,12,5	1,0,1,2	5	160	220	35	35	1
452	252	沖波	おきなみ	2	30	359	16,34	6,19	10,30	24,69	9,38	10,49	10	1	2	0,0,0,0,0	24	1,1,6,0	0,1,0,1	4	110	130	15	20	1
453	253	風雲	かざぐも	2	30	349	16,34	6,19	10,30	25,70	10,40	13,54	10	1	2	0,0,0,0,0	24	1,1,6,0	0,1,0,1	4	120	140	15	20	1
454	254	嵐	あらし	2	35	354	16,34	6,19	10,29	24,69	9,39	11,49	10	1	2	0,0,0,0,0	24	1,1,6,0	0,1,0,1	5	110	140	15	20	1
455	255	萩風	はぎかぜ	2	35	355	16,34	6,19	11,30	24,69	9,39	11,49	10	1	2	0,0,0,0,0	24	1,1,6,0	0,1,0,1	5	110	140	15	20	1
456	256	親潮	おやしお	2	35	362	16,34	6,19	10,30	24,68	9,37	13,50	10	1	2	0,0,0,0,0	24	1,1,6,0	0,1,0,1	5	110	140	15	20	1
458	258	海風	うみかぜ	2	30	350	16,32	6,19	10,29	24,69	10,40	10,49	10	1	2	0,0,0,0,0	22	1,1,5,0	0,1,0,0	4	100	150	15	20	1
459	259	江風	かわかぜ	2	30	351	16,32	6,19	10,29	25,70	9,39	10,49	10	1	2	0,0,0,0,0	22	1,1,5,0	0,1,0,0	4	100	150	15	20	1
460	260	速吸	はやすい	22	25	352	43,50	3,15	4,22	0,0	10,32	7,39	5	1	2	6,1,0,0,0	220	6,0,20,1	0,0,1,1	6	270	200	100	15	1
461	261	翔鶴改二	しょうかく	11	88	466	77,93	43,77	0,63	0,0	48,88	20,97	10	2	4	27,27,27,12,0	360	12,16,38,17	0,0,5,5	8	5700	1700	90	85	3
462	262	瑞鶴改二	ずいかく	11	90	467	78,93	44,78	0,56	0,0	54,90	50,99	10	2	4	28,26,26,13,0	360	12,16,38,17	0,0,5,5	8	5750	1700	90	85	3
463	263	朝潮改二	あさしお	2	85	468	31,53	14,52	18,68	36,92	22,60	17,70	10	1	3	0,0,0,0,0	22	1,2,10,0	2,2,1,1	6	360	390	15	20	1
464	264	霞改二	かすみ	2	88	470	31,53	14,50	16,63	33,92	24,72	37,97	10	1	3	0,0,0,0,0	22	1,2,10,0	2,2,1,1	6	300	390	15	20	1
465	265	鹿島	かしま	21	35	356	36,48	9,27	13,27	11,24	15,46	20,69	5	2	3	1,1,1,0,0	70	3,1,10,0	0,1,0,1	3	400	120	30	15	1
466	266	翔鶴改二甲	しょうかく	18	88	461	78,94	49,83	0,70	0,0	48,88	20,97	10	2	4	34,21,12,9,0	360	12,16,40,16	0,0,5,6	8	4500	1200	100	85	3
467	267	瑞鶴改二甲	ずいかく	18	90	462	79,94	49,84	0,65	0,0	54,90	50,99	10	2	4	34,24,12,6,0	360	12,16,40,16	0,0,5,6	8	4550	1200	100	85	3
468	268	朝潮改二丁	あさしお	2	85	463	34,59	15,55	12,52	36,86	30,74	17,70	10	1	3	0,0,0,0,0	22	1,2,10,0	2,2,1,1	7	390	360	15	20	1
469	269	江風改二	かわかぜ	2	0	0	31,54	14,51	16,62	38,96	18,64	19,75	10	1	3	0,0,0,0,0	22	1,2,10,0	2,2,1,1	6	0	0	15	20	3
470	270	霞改二乙	かすみ	2	88	464	31,53	15,52	12,59	30,83	32,80	37,97	10	1	3	0,0,0,0,0	22	1,2,10,0	1,2,2,1	7	390	300	15	20	1
471	271	神風	かみかぜ	2	50	476	12,23	5,17	5,28	12,36	5,26	30,79	10	1	2	0,0,0,0,0	18	1,1,3,0	1,1,0,0	4	80	130	15	15	1
473	273	春風	はるかぜ	2	50	363	12,23	5,17	5,27	12,36	6,28	25,74	10	1	2	0,0,0,0,0	18	1,1,3,0	1,1,0,0	4	80	110	15	15	1
476	276	神風改	かみかぜ	2	0	0	23,38	10,38	8,41	14,68	14,48	40,99	10	1	3	0,0,0,0,0	18	1,1,4,0	1,1,0,0	6	0	0	15	15	3
481	281	水無月	みなづき	2	20	366	13,24	5,18	6,29	18,49	7,29	13,53	10	1	2	0,0,0,0,0	18	1,1,4,0	1,1,0,0	4	100	100	15	15	1
483	283	伊26	い26	13	50	367	14,19	4,18	2,9	32,75	0,0	14,51	5	1	1	0,0,0,0,0	22	1,2,2,1	0,2,0,0	4	140	200	10	20	1
486	286	浦波	うらなみ	2	30	368	15,29	5,19	10,29	27,69	10,39	14,54	10	1	2	0,0,0,0,0	20	1,1,5,0	0,1,0,0	4	100	100	15	20	1
487	287	鬼怒改二	きぬ	3	0	0	45,61	29,68	15,55	28,82	41,83	17,72	10	1	3	1,1,1,0,0	75	2,2,10,0	1,2,2,2	7	0	0	25	30	3

### Enemy ships
ID	Sort No.	Name	Yomi	Ship Type	Upgrade Level	After Upgrade	Max Hp	Armor	Fire power	Torpedo power	AA Power	Luck	Speed	Range	Slot count	Airplanes	Build mins	Materials on broken	Powerup point	Rarity	Required fuel	Required ammo	Max fuel	Max ammo	Voice bits
501		駆逐イ級	-	2									10		2										
502		駆逐ロ級	-	2									10		2										
503		駆逐ハ級	-	2									10		2										
504		駆逐ニ級	-	2									10		2										
505		軽巡ホ級	-	3									10		2										
506		軽巡ヘ級	-	3									10		2										
507		軽巡ト級	-	3									10		3										
508		雷巡チ級	-	4									10		3										
509		重巡リ級	-	5									10		3										
510		軽母ヌ級	-	7									5		3										
511		戦艦ル級	-	9									5		3										
512		空母ヲ級	-	11									10		3										
513		輸送ワ級	-	15									5		0										
514		駆逐イ級	elite	2									10		2										
515		駆逐ロ級	elite	2									10		2										
516		駆逐ハ級	elite	2									10		2										
517		駆逐ニ級	elite	2									10		2										
518		軽巡ホ級	elite	3									10		2										
519		軽巡ヘ級	elite	3									10		2										
520		軽巡ト級	elite	3									10		3										
521		雷巡チ級	elite	4									10		3										
522		重巡リ級	elite	5									10		4										
523		軽母ヌ級	elite	7									5		3										
524		戦艦ル級	elite	9									5		4										
525		空母ヲ級	elite	11									10		3										
526		輸送ワ級	elite	15									5		3										
527		重巡リ級	flagship	5									10		4										
528		空母ヲ級	flagship	11									10		3										
529		戦艦ル級	flagship	9									5		4										
530		潜水カ級		13									5		2										
531		潜水ヨ級		13									5		2										
532		潜水カ級	elite	13									5		3										
533		潜水ヨ級	elite	13									5		3										
534		潜水カ級	flagship	13									5		3										
535		潜水ヨ級	flagship	13									5		3										
536		浮遊要塞		10									10		3										
537		浮遊要塞		10									10		3										
538		浮遊要塞		10									10		3										
539		泊地棲鬼		10									5		3										
540		泊地棲姫		10									5		3										
541		戦艦タ級		8									10		4										
542		戦艦タ級	elite	8									10		4										
543		戦艦タ級	flagship	8									10		4										
544		装甲空母鬼		10									10		3										
545		装甲空母姫		10									10		3										
546		南方棲鬼		10									5		3										
547		南方棲戦鬼		10									5		3										
548		南方棲戦姫		10									5		3										
549		護衛要塞		10									10		3										
550		護衛要塞		10									10		3										
551		護衛要塞		10									10		3										
552		駆逐ロ級	flagship	2									10		3										
553		駆逐ハ級	flagship	2									10		3										
554		軽巡ホ級	flagship	3									10		3										
555		軽巡ヘ級	flagship	3									10		4										
556		飛行場姫		10									0		4										
557		戦艦棲姫		9									5		4										
558		輸送ワ級	flagship	15									5		3										
559		雷巡チ級	flagship	4									10		3										
560		軽母ヌ級	flagship	7									5		4										
561		戦艦レ級		10									10		4										
562		戦艦レ級	elite	10									10		4										
564		駆逐イ級	flagship	2									10		3										
565		空母ヲ級改	flagship	11									10		4										
566		重巡リ級改	flagship	5									10		4										
567		戦艦ル級改	flagship	9									5		4										
570		潜水ソ級		13									5		2										
571		潜水ソ級	elite	13									5		3										
572		潜水ソ級	flagship	13									5		3										
573		港湾棲姫		10									0		4										
574		離島棲鬼		10									0		4										
575		駆逐イ級後期型		2									10		3										
576		駆逐ロ級後期型		2									10		3										
577		駆逐ハ級後期型		2									10		3										
578		駆逐ニ級後期型		2									10		3										
579		空母ヲ級	flagship	11									10		3										
581		北方棲姫		10									0		4										
582		北方棲姫		10									0		4										
583		中間棲姫		10									0		5										
584		中間棲姫		10									0		5										
585		空母棲鬼		11									10		4										
586		空母棲姫		11									10		4										
587		北方棲姫		10									0		4										
588		北方棲姫		10									0		4										
589		北方棲姫		10									0		4										
590		北方棲姫		10									0		4										
591		軽巡ツ級		3									10		4										
592		軽巡ツ級	elite	3									10		4										
594		重巡ネ級		5									10		4										
595		重巡ネ級	elite	5									10		4										
597		駆逐棲姫		2									10		3										
598		駆逐棲姫		2									10		3										
599		空母水鬼		11									10		4										
600		空母水鬼		11									10		4										
601		軽巡棲鬼		3									10		4										
602		軽巡棲鬼		3									10		4										
603		戦艦水鬼		9									5		4										
604		戦艦水鬼		9									5		4										
605		港湾水鬼		10									0		4										
606		港湾水鬼		10									0		4										
607		港湾水鬼		10									0		4										
608		港湾水鬼		10									0		4										
609		泊地水鬼		10									0		4										
610		泊地水鬼		10									0		4										
611		泊地水鬼		10									0		4										
612		泊地水鬼		10									0		4										
613		港湾棲姫		10									0		4										
614		空母ヲ級	flagship	11									10		3										
615		空母ヲ級	flagship	11									10		3										
616		空母ヲ級改	flagship	11									10		3										
617		空母ヲ級改	flagship	11									10		3										
618		空母ヲ級改	flagship	11									10		3										
619		空母棲鬼		11									10		4										
620		空母棲姫		11									10		4										
621		駆逐イ級後期型	elite	2									10		3										
622		駆逐ロ級後期型	elite	2									10		3										
623		駆逐ハ級後期型	elite	2									10		3										
624		駆逐ニ級後期型	elite	2									10		3										
625		水母棲姫		16									5		4										
626		水母棲姫		16									5		4										
627		水母棲姫		16									5		4										
628		防空棲姫		2									10		3										
629		防空棲姫		2									10		3										
630		防空棲姫		2									10		3										
631		飛行場姫		10									0		4										
632		飛行場姫		10									0		4										
633		飛行場姫		10									0		4										
634		離島棲鬼		10									0		4										
635		離島棲鬼		10									0		4										
636		離島棲鬼		10									0		4										
637		PT小鬼群		2									10		2										
638		PT小鬼群		2									10		2										
639		PT小鬼群		2									10		2										
640		PT小鬼群		2									10		2										
641		軽巡棲姫		3									10		4										
642		軽巡棲姫		3									10		4										
643		軽巡棲姫		3									10		4										
644		潜水棲姫		13									5		3										
645		潜水棲姫		13									5		3										
646		潜水棲姫		13									5		3										
647		駆逐水鬼		2									10		4										
648		駆逐水鬼		2									10		4										
649		駆逐水鬼		2									10		4										
650		飛行場姫		10									0		4										
651		飛行場姫		10									0		4										
652		飛行場姫		10									0		4										
653		集積地棲姫		10									0		4										
654		集積地棲姫		10									0		4										
655		集積地棲姫		10									0		4										
656		集積地棲姫-壊		10									0		4										
657		集積地棲姫-壊		10									0		4										
658		集積地棲姫-壊		10									0		4										
659		重巡棲姫		5									10		4										
660		重巡棲姫		5									10		4										
661		重巡棲姫		5									10		4										
662		重巡棲姫		5									10		4										
663		重巡棲姫		5									10		4										
664		重巡棲姫		5									10		4										
665		砲台小鬼		9									0		4										
666		砲台小鬼		9									0		4										
667		砲台小鬼		9									0		4										
668		離島棲姫		11									0		4										
669		離島棲姫		11									0		4										
670		離島棲姫		11									0		4										
671		離島棲姫		10									0		4										
672		離島棲姫		9									0		4										
673		駆逐古鬼		2									10		4										
674		駆逐古鬼		2									10		4										
675		駆逐古鬼		2									10		4										
676		駆逐水鬼		2									10		4										
677		駆逐水鬼		2									10		4										
678		駆逐水鬼		2									10		4										
679		リコリス棲姫		11									0		4										
680		リコリス棲姫		11									0		4										
681		リコリス棲姫		11									0		4										
682		リコリス棲姫		11									0		4										
683		リコリス棲姫		11									0		4										
684		中枢棲姫		9									0		4										
685		中枢棲姫		9									0		4										
686		中枢棲姫		9									0		4										
687		中枢棲姫-壊		9									0		4										
688		中枢棲姫-壊		9									0		4										
689		中枢棲姫-壊		9									0		4										
690		駆逐古姫		2									10		4										
691		駆逐古姫		2									10		4										
692		駆逐古姫		2									10		4										
693		潜水夏姫	flagship	13									5		3										
694		潜水夏姫	flagship	13									5		3										
695		潜水夏姫	flagship	13									5		3										
696		戦艦夏姫		9									5		4										
697		戦艦夏姫		9									5		4										
698		戦艦夏姫		9									5		4										
699		港湾夏姫		10									0		4										
700		港湾夏姫		10									0		4										
701		港湾夏姫		10									0		4										
702		港湾夏姫-壊		10									0		4										
703		港湾夏姫-壊		10									0		4										
704		港湾夏姫-壊		10									0		4										
705		重巡夏姫		5									10		4										
706		重巡夏姫		5									10		4										
707		重巡夏姫		5									10		4										

# Player special illustration ships
ID	Sort No.	Name	Yomi	Ship Type	Upgrade Level	After Upgrade	Max Hp	Armor	Fire power	Torpedo power	AA Power	Luck	Speed	Range	Slot count	Airplanes	Build mins	Materials on broken	Powerup point	Rarity	Required fuel	Required ammo	Max fuel	Max ammo	Voice bits
842		浴衣由良	ゆら	3									10		2										
843		浴衣白露	しらつゆ	2									10		2										
844		浴衣秋月	あきづき	2									10		3										
845		浴衣陸奥	むつ	9									5		4										
846		浴衣長波	ながなみ	2									10		2										
847		法被吹雪	ふぶき	2									10		2										
848		法被吹雪改二	ふぶき	2									10		3										
849		法被朝霜	あさしも	2									10		2										
850		法被夕雲	ゆうぐも	2									10		2										
851		法被扶桑	ふそう	9									5		4										
852		秋刀魚多摩	たま	3									10		2										
853		秋刀魚あきつ丸	あきつまる	17									5		2										
854		秋刀魚時雨改二	しぐれ	2									10		3										
855		秋刀魚大鯨	たいげい・りゅうほう	20									5		3										
856		秋刀魚龍鳳	たいげい・りゅうほう	7									5		3										
857		秋刀魚Zara	ザラ	5									10		3										
858		親子丼秋雲	あきぐも	2									10		2										
859		親子丼瑞穂	みずほ	16									5		2										
860		親子丼赤城	あかぎ	11									10		4										
861		親子丼秋津洲	あきつしま	16									5		2										
862		親子丼山城	やましろ	9									5		4										
863		親子丼夕立改二	ゆうだち	2									10		3										
864		買い出し金剛	こんごう	8									10		3										
865		買い出し金剛改二	こんごう	8									10		4										
866		買い出し天城	あまぎ	11									10		4										
867		親子丼Roma	ローマ	8									10		4										
868		親子丼曙	あけぼの	2									10		2										
869		夏2016曙	あけぼの	2									10		2										
870		夏2016朧	おぼろ	2									10		2										
871		夏2016朧改	おぼろ	2									10		3										
872		夏風雲	かざぐも	2									10		2										
873		夏沖波	おきなみ	2									10		2										
874		夏五十鈴	いすず	3									10		2										
875		夏扶桑	ふそう	9									5		4										
876		夏山城	やましろ	9									5		4										
877		夏瑞穂	みずほ	16									5		2										
878		夏大和	やまと	9									5		4										
879		夏榛名改二	はるな	8									10		4										
880		夏大鯨	たいげい・りゅうほう	20									5		3										
881		夏龍鳳	たいげい・りゅうほう	7									5		3										
882		夏三隅	みくま	5									10		3										
883		夏大淀	おおよど	3									10		3										
884		夏大淀改	おおよど	3									10		4										
885		夏Libeccio	リベッチオ	2									10		2										
886		夏Z3	マックス・シュルツ	2									10		3										
887		梅雨曙	あけぼの	2									10		2										
888		梅雨早霜	はやしも	2									10		2										
889		梅雨清霜	きよしも	2									10		2										
890		梅雨瑞穂	みずほ	16									5		2										
891		梅雨夕立改二	ゆうだち	2									10		3										
892		梅雨最上	もがみ	5									10		3										
893		梅雨夕張	ゆうばり	3									10		3										
894		梅雨千歳	ちとせ	16									10		2										
895		梅雨千代田	ちよだ	16									10		2										
896		携帯白露	しらつゆ	2									10		3										
897		記念日夕雲	ゆうぐも	2									10		2										
898		記念日長波	ながなみ	2									10		2										
899		記念日春雨改	はるさめ	2									10		2										
900		記念日瑞穂	みずほ	16									5		2										
