Update: 2017-02-28

### Types : [Big Category],[Dictionary Category],[Category],[Icon ID],[Airplane Category]

### Types - Big Category
1	砲
2	魚雷
3	艦載機
4	機銃・特殊弾
5	偵察機・電探
6	強化
7	対潜装備
8	大発動艇・探照灯
9	簡易輸送部材
10	=艦艇修理施設
11	=照明弾
12	司令部施設
13	航空要員
14	高射装置
15	対地装備
16	水上艦要員
17	大型飛行艇
18	戦闘糧食
19	補給物資
20	特型内火艇
21	陸上攻撃機
22	局地戦闘機

### Types - Dictionary Category
1	主砲
2	副砲
3	魚雷
4	特殊潜航艇
5	艦上機
6	対空機銃
7	偵察機
8	電探
9	強化
10	ソナー
11	
12	
13	
14	上陸用舟艇
15	オートジャイロ
16	対潜哨戒機
17	追加装甲
18	探照灯
19	簡易輸送部材
20	艦艇修理施設
21	照明弾
22	司令部施設
23	航空要員
24	高射装置
25	対艦強化弾
26	対地装備
27	水上艦要員
28	対空強化弾
29	対空ロケットランチャー
30	応急修理要員
31	機関部強化
32	爆雷
33	大型飛行艇
34	戦闘糧食
35	補給物資
36	多用途水上機/水上戦闘機
37	特型内火艇
38	陸上攻撃機
39	局地戦闘機

### Types - Category : See slotitem-type.txt

### Types - Icon ID
1	小口径主砲
2	中口径主砲
3	大口径主砲
4	副砲
5	魚雷
6	艦上戦闘機
7	艦上爆撃機
8	艦上攻撃機
9	艦上偵察機
10	水上機
11	電探
12	対空強化弾
13	対艦強化弾
14	応急修理要員
15	対空機銃
16	高角砲
17	爆雷
18	ソナー
19	機関部強化
20	上陸用舟艇
21	オートジャイロ
22	対潜哨戒機
23	追加装甲
24	探照灯
25	簡易輸送部材
26	艦艇修理施設
27	照明弾
28	司令部施設
29	航空要員
30	高射装置
31	対地装備
32	水上艦要員
33	大型飛行艇
34	戦闘糧食
35	補給物資
36	特型内火艇
37	陸上攻撃機
38	局地戦闘機

### Types - Airplane Category
0	非航空機
1	艦上攻撃機/艦上偵察機
2	水上偵察機/水上爆撃機
3	水上戦闘機
4	陸上攻撃機
5	
6	
7	
8	
9	
10	
11	零戦前期型
12	零戦後期型
13	烈風
14	海外機
15	九九式艦爆
16	彗星
17	流星
18	局地戦闘機
19	大型飛行艇
20	震電改

### Materials on broken : [Fuel],[Ammo],[Steel],[Bauxite]

### Use Bull : This istem uses ammo material? (Guess)

### Player slotitems
ID	Name	Types	HP	Armor	Fire power	Torpedo power	Speed	Bombing	AA Power	Anti-Submerine	???	Hit chance	Torpedo hit chance	Evasion	Evasion chance	Bombing evasion chance	Search	Search interruption	Luck	Range	Rarity	Materials on broken	Use Bull	Airplane Cost	Airplane Distance
1	12cm単装砲	1,1,1,1,0	0	0	1	0	0	0	1	0	0	0	0	0	0	0	0	0	0	1	0	0,1,1,0	0		
2	12.7cm連装砲	1,1,1,1,0	0	0	2	0	0	0	2	0	0	0	0	0	0	0	0	0	0	1	0	0,1,2,0	0		
3	10cm連装高角砲	1,1,1,16,0	0	0	2	0	0	0	7	0	0	0	0	0	0	0	0	0	0	1	1	0,1,3,0	0		
4	14cm単装砲	1,1,2,2,0	0	0	2	0	0	0	0	0	0	1	0	0	0	0	0	0	0	2	0	0,2,1,0	0		
5	15.5cm三連装砲	1,1,2,2,0	0	0	7	0	0	0	4	0	0	1	0	0	0	0	0	0	0	2	0	0,2,5,0	0		
6	20.3cm連装砲	1,1,2,2,0	0	0	8	0	0	0	3	0	0	0	0	0	0	0	0	0	0	2	0	0,3,4,0	0		
7	35.6cm連装砲	1,1,3,3,0	0	0	15	0	0	0	4	0	0	0	0	0	0	0	0	0	0	3	0	0,10,15,0	0		
8	41cm連装砲	1,1,3,3,0	0	0	20	0	0	0	4	0	0	0	0	0	0	0	0	0	0	3	1	0,12,20,0	0		
9	46cm三連装砲	1,1,3,3,0	0	0	26	0	0	0	5	0	0	0	0	0	0	0	0	0	0	4	2	0,24,25,0	0		
10	12.7cm連装高角砲	1,2,4,16,0	0	0	2	0	0	0	4	0	0	1	0	0	0	0	0	0	0	1	0	0,2,2,0	0		
11	15.2cm単装砲	1,2,4,4,0	0	0	2	0	0	0	0	0	0	1	0	0	0	0	0	0	0	2	0	0,2,2,0	0		
12	15.5cm三連装副砲	1,2,4,4,0	0	0	7	0	0	0	3	0	0	2	0	0	0	0	0	0	0	2	1	0,2,5,0	0		
13	61cm三連装魚雷	2,3,5,5,0	0	0	0	5	0	0	0	0	0	0	0	0	0	0	0	0	0	1	0	1,1,1,0	0		
14	61cm四連装魚雷	2,3,5,5,0	0	0	0	7	0	0	0	0	0	0	0	0	0	0	0	0	0	1	0	1,2,2,0	0		
15	61cm四連装(酸素)魚雷	2,3,5,5,0	0	0	0	10	0	0	0	0	0	0	0	0	0	0	0	0	0	1	1	2,2,2,0	0		
16	九七式艦攻	3,5,8,8,1	0	0	0	5	0	0	0	4	0	0	16	0	0	0	1	0	0	0	0	1,1,0,2	0	5	4
17	天山	3,5,8,8,1	0	0	0	7	0	0	0	3	0	0	24	0	0	0	1	0	0	0	1	2,4,0,4	0	6	5
18	流星	3,5,8,8,17	0	0	0	10	0	0	0	4	0	0	56	0	0	0	1	0	0	0	2	2,5,0,10	0	7	6
19	九六式艦戦	3,5,6,6,11	0	0	0	0	0	0	2	0	0	0	0	0	0	0	0	0	0	0	0	1,1,0,1	0	3	3
20	零式艦戦21型	3,5,6,6,11	0	0	0	0	0	0	5	0	0	0	0	0	0	0	0	0	0	0	0	1,1,0,2	0	4	7
21	零式艦戦52型	3,5,6,6,12	0	0	0	0	0	0	6	0	0	0	0	0	0	0	0	0	0	0	1	1,2,0,3	0	5	6
22	烈風	3,5,6,6,13	0	0	0	0	0	0	10	0	0	0	0	0	0	0	0	0	0	0	3	2,2,0,9	0	7	5
23	九九式艦爆	3,5,7,7,15	0	0	0	0	0	5	0	3	0	0	0	0	0	0	0	0	0	0	0	1,1,0,2	0	4	4
24	彗星	3,5,7,7,16	0	0	0	0	0	8	0	3	0	0	0	0	0	0	0	0	0	0	1	2,3,0,3	0	5	4
25	零式水上偵察機	5,7,10,10,2	0	0	0	0	0	1	1	2	0	1	10	0	0	0	5	0	0	0	0	1,1,0,2	0	5	7
26	瑞雲	5,7,11,10,2	0	0	0	0	0	4	2	4	0	1	13	0	0	0	6	0	0	0	1	2,3,0,5	0	6	5
27	13号対空電探	5,8,12,11,0	0	0	0	0	0	0	2	0	0	1	3	0	0	0	3	0	0	0	1	0,0,10,10	0	6	5
28	22号対水上電探	5,8,12,11,0	0	0	0	0	0	0	0	0	0	3	10	0	0	0	5	0	0	0	1	0,0,15,15	0	6	5
29	33号対水上電探	5,8,12,11,0	0	0	0	0	0	0	0	0	0	5	12	0	0	0	7	0	0	0	2	0,0,20,15	0	6	5
30	21号対空電探	5,8,13,11,0	0	0	0	0	0	0	4	0	0	2	3	0	0	0	4	0	0	0	2	0,0,20,20	0	6	5
31	32号対水上電探	5,8,13,11,0	0	0	0	0	0	0	0	0	0	8	15	0	0	0	10	0	0	0	3	0,0,20,25	0	6	5
32	14号対空電探	5,8,13,11,0	0	0	0	0	0	0	6	0	0	4	3	0	0	0	5	0	0	0	4	0,0,25,25	0	6	5
33	改良型艦本式タービン	6,31,17,19,0	0	0	0	0	0	0	0	0	0	0	0	6	0	0	0	0	0	0	0	10,0,10,0	0	6	5
34	強化型艦本式缶	6,31,17,19,0	0	0	0	0	0	0	0	0	0	0	0	10	0	0	0	0	0	0	1	10,0,20,0	0	6	5
35	三式弾	4,28,18,12,0	0	0	0	0	0	0	5	0	0	0	0	0	0	0	0	0	0	0	0	0,9,6,3	0	6	5
36	九一式徹甲弾	4,25,19,13,0	0	0	8	0	0	0	0	0	0	1	0	0	0	0	0	0	0	0	1	0,3,9,0	0	6	5
37	7.7mm機銃	4,6,21,15,0	0	0	0	0	0	0	2	0	0	0	0	1	0	0	0	0	0	0	0	0,1,1,0	0	6	5
38	12.7mm単装機銃	4,6,21,15,0	0	0	0	0	0	0	3	0	0	0	0	1	0	0	0	0	0	0	0	0,1,1,0	0	6	5
39	25mm連装機銃	4,6,21,15,0	0	0	0	0	0	0	5	0	0	0	0	1	0	0	0	0	0	0	0	0,2,1,0	0	6	5
40	25mm三連装機銃	4,6,21,15,0	0	0	0	0	0	0	6	0	0	0	0	1	0	0	0	0	0	0	1	0,3,1,0	0	6	5
41	甲標的	2,4,22,5,0	0	0	0	12	0	0	0	0	0	0	0	0	0	0	0	0	0	0	1	0,7,7,0	0	6	5
42	応急修理要員	6,30,23,14,0	0	0	0	0	0	0	0	0	0	0	0	0	0	0	0	0	0	0	0	0,0,1,0	0	6	5
43	応急修理女神	6,30,23,14,0	0	0	0	0	0	0	0	0	0	0	0	0	0	0	0	0	0	0	2	0,0,1,0	0	6	5
44	九四式爆雷投射機	7,32,15,17,0	0	0	0	0	0	0	0	5	0	0	0	0	0	0	0	0	0	0	0	0,2,1,1	0	6	5
45	三式爆雷投射機	7,32,15,17,0	0	0	0	0	0	0	0	8	0	0	0	0	0	0	0	0	0	0	2	0,3,1,1	0	6	5
46	九三式水中聴音機	7,10,14,18,0	0	0	0	0	0	0	0	6	0	1	0	0	0	0	0	0	0	0	0	0,0,1,1	0	6	5
47	三式水中探信儀	7,10,14,18,0	0	0	0	0	0	0	0	10	0	2	0	0	0	0	0	0	0	0	2	0,0,1,2	0	6	5
48	12.7cm単装高角砲	1,1,1,16,0	0	0	1	0	0	0	3	0	0	0	0	0	0	0	0	0	0	1	0	0,1,1,0	0	6	5
49	25mm単装機銃	4,6,21,15,0	0	0	0	0	0	0	4	0	0	0	0	1	0	0	0	0	0	0	1	0,1,1,0	0	6	5
50	20.3cm(3号)連装砲	1,1,2,2,0	0	0	10	0	0	0	4	0	0	0	0	0	0	0	0	0	0	2	1	0,3,4,0	0	6	5
51	12cm30連装噴進砲	4,29,21,15,0	0	0	0	0	0	0	8	0	0	0	0	0	0	0	0	0	0	0	2	0,4,2,2	0	6	5
52	流星改	3,5,8,8,17	0	0	0	13	0	0	0	3	0	0	0	0	0	0	2	0	0	0	3	2,6,0,10	0	8	6
53	烈風改	3,5,6,6,13	0	0	0	0	0	0	12	0	0	0	0	0	0	0	0	0	0	0	4	2,2,0,10	0	8	5
54	彩雲	5,7,9,9,1	0	0	0	0	0	0	0	0	0	2	0	0	0	0	9	0	0	0	2	2,0,0,11	0	9	8
55	紫電改二	3,5,6,6,12	0	0	0	0	0	0	9	0	0	0	0	3	0	0	0	0	0	0	2	2,2,0,7	0	6	3
56	震電改	3,5,6,6,20	0	0	0	0	0	0	15	0	0	0	0	0	0	0	0	0	0	0	5	2,3,0,28	0	9	2
57	彗星一二型甲	3,5,7,7,16	0	0	0	0	0	10	0	3	0	0	0	0	0	0	1	0	0	0	2	2,3,0,4	0	6	5
58	61cm五連装(酸素)魚雷	2,3,5,5,0	0	0	0	12	0	0	0	0	0	1	0	0	0	0	0	0	0	1	2	2,3,2,0	0	6	5
59	零式水上観測機	5,7,10,10,2	0	0	0	0	0	1	2	4	0	2	0	0	0	0	6	0	0	0	1	1,1,0,2	0	6	3
60	零式艦戦62型(爆戦)	3,5,7,7,12	0	0	0	0	0	4	4	3	0	0	0	0	0	0	0	0	0	0	2	1,3,0,3	0	5	4
61	二式艦上偵察機	5,7,9,9,1	0	0	0	0	0	0	1	0	0	3	0	0	0	0	7	0	0	0	1	3,1,0,13	0	6	5
62	試製晴嵐	5,7,11,10,2	0	0	0	0	0	11	0	6	0	1	0	0	0	0	6	0	0	0	4	4,5,0,20	0	10	4
63	12.7cm連装砲B型改二	1,1,1,1,0	0	0	3	0	0	0	2	0	0	0	0	0	0	0	0	0	0	1	1	0,1,2,0	0	10	4
64	Ju87C改	3,5,7,7,14	0	0	0	0	0	9	0	5	0	1	0	0	0	0	0	0	0	0	3	2,4,0,5	0	6	4
65	15.2cm連装砲	1,1,2,2,0	0	0	4	0	0	0	3	0	0	3	0	0	0	0	0	0	0	2	2	0,2,3,0	0	6	4
66	8cm高角砲	1,2,4,16,0	0	0	1	0	0	0	6	0	0	2	0	0	0	0	0	0	0	1	3	0,1,2,0	0	6	4
67	53cm艦首(酸素)魚雷	2,3,5,5,0	0	0	0	15	0	0	0	0	0	2	0	0	0	0	0	0	0	1	1	2,2,2,0	0	6	4
68	大発動艇	8,14,24,20,0	0	0	0	0	0	0	0	0	0	0	0	0	0	0	0	0	0	0	0	1,1,0,1	0	6	4
69	カ号観測機	3,15,25,21,0	0	0	0	0	0	0	0	9	0	1	0	0	0	0	0	0	0	0	3	1,1,0,4	0	6	4
70	三式指揮連絡機(対潜)	3,16,26,22,0	0	0	0	0	0	0	0	7	0	2	0	0	0	0	1	0	0	0	1	1,1,0,2	0	6	4
71	10cm連装高角砲(砲架)	1,2,4,16,0	0	0	1	0	0	0	7	0	0	1	0	0	0	0	0	0	0	1	3	0,1,3,0	0	6	4
72	増設バルジ(中型艦)	6,17,27,23,0	0	7	0	0	0	0	0	0	0	0	0	-2	0	0	0	0	0	0	2	0,0,12,0	0	6	4
73	増設バルジ(大型艦)	6,17,28,23,0	0	9	0	0	0	0	0	0	0	0	0	-3	0	0	0	0	0	0	2	0,0,30,0	0	6	4
74	探照灯	8,18,29,24,0	0	0	0	0	0	0	0	0	0	0	0	0	0	0	2	0	0	0	0	0,0,1,1	0	6	4
75	ドラム缶(輸送用)	9,19,30,25,0	0	0	0	0	0	0	0	0	0	0	0	0	0	0	0	0	0	0	0	0,0,1,0	0	6	4
76	38cm連装砲	1,1,3,3,0	0	0	16	0	0	0	1	0	0	1	0	0	0	0	0	0	0	3	0	0,11,18,0	0	6	4
77	15cm連装副砲	1,2,4,4,0	0	0	4	0	0	0	2	0	0	2	0	0	0	0	0	0	0	2	0	0,2,4,0	0	6	4
78	12.7cm単装砲	1,1,1,1,0	0	0	2	0	0	0	0	0	0	1	0	0	0	0	0	0	0	1	0	0,1,1,0	0	6	4
79	瑞雲(六三四空)	5,7,11,10,2	0	0	0	0	0	6	2	5	0	1	0	0	0	0	6	0	0	0	2	2,3,0,5	0	6	5
80	瑞雲12型	5,7,11,10,2	0	0	0	0	0	7	3	5	0	1	0	0	0	0	6	0	0	0	3	2,3,0,6	0	7	5
81	瑞雲12型(六三四空)	5,7,11,10,2	0	0	0	0	0	9	3	6	0	1	0	0	0	0	7	0	0	0	4	2,3,0,6	0	7	5
82	九七式艦攻(九三一空)	3,5,8,8,1	0	0	0	6	0	0	0	7	0	0	0	0	0	0	2	0	0	0	2	2,3,0,4	0	5	4
83	天山(九三一空)	3,5,8,8,1	0	0	0	9	0	0	0	8	0	0	0	0	0	0	2	0	0	0	3	2,4,0,5	0	6	5
84	2cm 四連装FlaK 38	4,6,21,15,0	0	0	0	0	0	0	7	0	0	1	0	0	0	0	0	0	0	0	3	0,3,1,1	0	6	5
85	3.7cm FlaK M42	4,6,21,15,0	0	0	1	0	0	0	8	0	0	1	0	0	0	0	0	0	0	0	3	0,3,1,1	0	6	5
86	艦艇修理施設	10,20,31,26,0	0	0	0	0	0	0	0	0	0	0	0	0	0	0	0	0	0	0	3	10,5,20,10	0	6	5
87	新型高温高圧缶	6,31,17,19,0	0	0	0	0	0	0	0	0	0	0	0	13	0	0	0	0	0	0	3	20,0,25,0	0	6	5
88	22号対水上電探改四	5,8,12,11,0	0	0	0	0	0	0	0	2	0	8	0	0	0	0	5	0	0	0	3	0,0,16,16	0	6	5
89	21号対空電探改	5,8,13,11,0	0	0	0	0	0	0	5	0	0	3	0	1	0	0	6	0	0	0	3	0,0,21,23	0	6	5
90	20.3cm(2号)連装砲	1,1,2,2,0	0	0	9	0	0	0	3	0	0	1	0	0	0	0	0	0	0	2	1	0,3,4,0	0	6	5
91	12.7cm連装高角砲(後期型)	1,2,1,16,0	0	0	2	0	0	0	5	1	0	1	0	1	0	0	0	0	0	1	1	0,2,2,0	0	6	5
92	毘式40mm連装機銃	4,6,21,15,0	0	0	0	0	0	0	6	0	0	0	0	1	0	0	0	0	0	0	0	0,2,1,0	0	6	5
93	九七式艦攻(友永隊)	3,5,8,8,1	0	0	0	11	0	0	1	5	0	3	0	0	0	0	4	0	0	0	4	1,1,0,2	0	5	4
94	天山一二型(友永隊)	3,5,8,8,1	0	0	0	14	0	0	1	6	0	3	0	0	0	0	5	0	0	0	5	2,4,0,4	0	6	5
95	潜水艦53cm艦首魚雷(8門)	2,3,32,5,0	0	0	0	16	0	0	0	0	0	3	0	0	0	0	0	0	0	1	2	2,4,2,0	0	6	5
96	零式艦戦21型(熟練)	3,5,6,6,11	0	0	0	0	0	0	8	0	0	2	0	2	0	0	1	0	0	0	3	1,1,0,2	0	4	7
97	九九式艦爆(熟練)	3,5,7,7,15	0	0	0	0	0	7	1	4	0	2	0	0	0	0	2	0	0	0	3	1,1,0,2	0	4	4
98	九七式艦攻(熟練)	3,5,8,8,1	0	0	0	8	0	0	0	5	0	2	0	0	0	0	2	0	0	0	3	1,1,0,2	0	5	4
99	九九式艦爆(江草隊)	3,5,7,7,15	0	0	0	0	0	10	0	5	0	4	0	0	0	0	3	0	0	0	4	1,1,0,2	0	4	4
100	彗星(江草隊)	3,5,7,7,16	0	0	0	0	0	13	1	5	0	4	0	0	0	0	4	0	0	0	5	2,3,0,3	0	5	5
101	照明弾	11,21,33,27,0	0	0	0	0	0	0	0	0	0	0	0	0	0	0	0	0	0	0	1	0,2,1,1	0	5	5
102	九八式水上偵察機(夜偵)	5,7,10,10,2	0	0	0	0	0	0	0	1	0	1	0	0	0	0	3	0	0	0	3	2,1,0,4	0	8	6
103	試製35.6cm三連装砲	1,1,3,3,0	0	0	18	0	0	0	5	0	0	2	0	0	0	0	0	0	0	3	4	0,11,18,0	0	8	6
104	35.6cm連装砲(ダズル迷彩)	1,1,3,3,0	0	0	15	0	0	0	5	0	0	1	0	1	0	0	0	0	0	3	3	0,10,15,0	0	8	6
105	試製41cm三連装砲	1,1,3,3,0	0	0	22	0	0	0	5	0	0	2	0	0	0	0	0	0	0	3	4	0,14,22,0	0	8	6
106	13号対空電探改	5,8,12,11,0	0	0	0	0	0	0	4	0	0	2	0	1	0	0	4	0	0	0	3	0,0,10,11	0	8	6
107	艦隊司令部施設	12,22,34,28,0	0	0	0	0	0	0	1	0	0	1	0	1	0	0	1	0	0	0	5	1,1,1,1	0	8	6
108	熟練艦載機整備員	13,23,35,29,0	0	0	10	0	0	0	1	0	0	1	0	0	0	0	1	0	0	3	3	1,10,1,10	0	8	6
109	零戦52型丙(六〇一空)	3,5,6,6,13	0	0	0	0	0	0	9	0	0	1	0	1	0	0	0	0	0	0	3	1,2,0,3	0	5	6
110	烈風(六〇一空)	3,5,6,6,13	0	0	0	0	0	0	11	0	0	1	0	2	0	0	0	0	0	0	4	2,2,0,9	0	7	5
111	彗星(六〇一空)	3,5,7,7,16	0	0	0	0	0	11	0	4	0	1	0	0	0	0	1	0	0	0	3	2,3,0,3	0	5	5
112	天山(六〇一空)	3,5,8,8,1	0	0	0	10	0	0	0	4	0	1	0	0	0	0	2	0	0	0	3	2,4,0,4	0	6	5
113	流星(六〇一空)	3,5,8,8,17	0	0	0	13	0	0	0	5	0	1	0	0	0	0	3	0	0	0	4	2,5,0,10	0	7	6
114	38cm連装砲改	1,1,3,3,0	0	0	17	0	0	0	2	0	0	3	0	0	0	0	0	0	0	3	2	0,12,18,0	0	7	6
115	Ar196改	5,7,10,10,2	0	0	0	0	0	1	1	5	0	2	0	0	0	0	5	0	0	0	2	1,2,0,2	0	5	3
116	一式徹甲弾	4,25,19,13,0	0	0	9	0	0	0	0	0	0	2	0	0	0	0	0	0	0	0	3	0,4,9,0	0	5	3
117	試製46cm連装砲	1,1,3,3,0	0	0	23	0	0	0	4	0	0	1	0	0	0	0	0	0	0	4	4	1,18,23,0	0	5	3
118	紫雲	5,7,10,10,2	0	0	0	0	0	1	0	2	0	1	0	0	0	0	8	0	0	0	4	1,1,0,15	0	9	4
119	14cm連装砲	1,1,2,2,0	0	0	3	0	0	0	0	0	0	2	0	0	0	0	0	0	0	2	1	0,2,2,0	0	9	4
120	91式高射装置	14,24,36,30,0	0	0	0	0	0	0	2	0	0	0	0	1	0	0	0	0	0	0	1	0,1,0,1	0	9	4
121	94式高射装置	14,24,36,30,0	0	0	0	0	0	0	3	0	0	0	0	1	0	0	0	0	0	0	2	0,1,0,2	0	9	4
122	10cm連装高角砲+高射装置	1,1,1,16,0	0	0	3	0	0	0	10	0	0	1	0	1	0	0	0	0	0	1	3	0,2,3,2	0	9	4
123	SKC34 20.3cm連装砲	1,1,2,2,0	0	0	10	0	0	0	2	0	0	3	0	0	0	0	0	0	0	2	3	0,4,5,0	0	9	4
124	FuMO25 レーダー	5,8,13,11,0	0	0	3	0	0	0	7	0	0	10	0	0	0	0	9	0	0	0	4	0,0,27,29	0	9	4
125	61cm三連装(酸素)魚雷	2,3,5,5,0	0	1	0	8	0	0	0	0	0	0	0	1	0	0	0	0	0	1	2	2,2,1,0	0	9	4
126	WG42 (Wurfgerät 42)	15,26,37,31,0	0	-1	1	0	0	0	0	0	0	0	0	0	0	0	0	0	0	1	4	1,4,2,1	0	9	4
127	試製FaT仕様九五式酸素魚雷改	2,3,32,5,0	0	0	0	14	0	0	0	0	0	7	0	2	0	0	0	0	0	1	5	2,2,1,1	0	9	4
128	試製51cm連装砲	1,1,3,3,0	0	0	30	0	0	0	5	0	0	1	0	-1	0	0	0	0	0	4	5	0,30,28,0	0	9	4
129	熟練見張員	16,27,39,32,0	0	0	0	0	0	0	1	0	0	2	0	3	0	0	2	0	0	0	3	1,0,0,0	0	9	4
130	12.7cm高角砲+高射装置	1,2,4,16,0	0	0	1	0	0	0	8	0	0	1	0	1	0	0	0	0	0	1	3	0,2,3,2	0	9	4
131	25mm三連装機銃 集中配備	4,6,21,15,0	0	0	0	0	0	0	9	0	0	0	0	1	0	0	0	0	0	0	3	0,5,2,1	0	9	4
132	零式水中聴音機	7,10,40,18,0	0	0	0	0	0	0	0	11	0	1	0	1	0	0	1	0	0	0	3	0,0,3,3	0	9	4
133	381mm/50 三連装砲	1,1,3,3,0	0	0	20	0	0	0	2	0	0	-3	0	-1	0	0	0	0	0	4	4	0,16,21,0	0	9	4
134	OTO 152mm三連装速射砲	1,2,4,4,0	0	1	8	0	0	0	2	0	0	1	0	0	0	0	0	0	0	2	3	0,2,5,0	0	9	4
135	90mm単装高角砲	1,2,4,16,0	0	0	1	0	0	0	8	0	0	1	0	0	0	0	0	0	0	1	3	0,1,3,0	0	9	4
136	プリエーゼ式水中防御隔壁	6,17,28,23,0	0	7	0	0	0	0	0	0	0	0	0	-1	0	0	0	0	0	0	3	0,0,24,4	0	9	4
137	381mm/50 三連装砲改	1,1,3,3,0	0	0	21	0	0	0	4	0	0	-1	0	-1	0	0	0	0	0	4	5	0,16,22,1	0	9	4
138	二式大艇	17,33,41,33,19	0	0	0	0	0	0	0	1	0	1	0	0	0	0	12	0	0	0	4	9,2,0,26	0	25	20
139	15.2cm連装砲改	1,1,2,2,0	0	0	5	0	0	0	3	0	0	4	0	0	0	0	0	0	0	2	3	0,2,3,1	0	25	20
140	96式150cm探照灯	8,18,42,24,0	0	0	0	0	0	0	1	0	0	0	0	0	0	0	3	0	0	0	3	0,0,1,3	0	25	20
141	32号対水上電探改	5,8,13,11,0	0	0	0	0	0	0	0	0	0	9	0	0	0	0	11	0	0	0	4	0,0,22,26	0	25	20
142	15m二重測距儀+21号電探改二	5,8,13,11,0	0	1	1	0	0	0	8	0	0	9	0	1	0	0	7	0	0	0	4	0,0,26,28	0	25	20
143	九七式艦攻(村田隊)	3,5,8,8,1	0	0	0	12	0	0	1	5	0	2	0	0	0	0	4	0	0	0	4	1,1,0,2	0	5	4
144	天山一二型(村田隊)	3,5,8,8,1	0	0	0	15	0	0	1	6	0	2	0	0	0	0	4	0	0	0	5	2,4,0,4	0	6	5
145	戦闘糧食	18,34,43,34,0	0	0	0	0	0	0	0	0	0	0	0	0	0	0	0	0	0	0	1	1,0,0,0	0	6	5
146	洋上補給	19,35,44,35,0	0	-2	0	0	0	0	0	0	0	0	0	0	0	0	0	0	0	0	2	30,30,0,0	0	6	5
147	120mm連装砲	1,1,1,1,0	0	0	3	0	0	0	2	0	0	1	0	0	0	0	0	0	0	1	2	0,1,2,0	0	6	5
148	試製南山	3,5,7,7,24	0	0	0	0	0	11	1	4	0	0	0	0	0	0	2	0	0	0	5	4,5,0,15	0	9	5
149	四式水中聴音機	7,10,14,18,0	0	0	0	0	0	0	0	12	0	1	0	0	0	0	0	0	0	0	4	0,0,1,3	0	9	5
150	秋刀魚の缶詰	18,34,43,34,0	0	0	0	0	0	0	0	0	0	0	0	0	0	0	0	0	0	0	2	1,0,0,1	0	9	5
151	試製景雲(艦偵型)	5,7,9,9,1	0	0	2	0	0	0	0	0	0	2	0	0	0	0	11	0	0	0	5	4,0,0,14	0	12	8
152	零式艦戦52型(熟練)	3,5,6,6,12	0	0	0	0	0	0	9	0	0	1	0	2	0	0	1	0	0	0	3	1,2,0,3	0	5	6
153	零戦52型丙(付岩井小隊)	3,5,6,6,12	0	0	0	0	0	0	10	0	0	1	0	2	0	0	1	0	0	0	4	1,2,0,4	0	5	6
154	零戦62型(爆戦/岩井隊)	3,5,7,7,12	0	0	0	0	0	4	7	3	0	1	0	2	0	0	1	0	0	0	5	1,3,0,4	0	5	5
155	零戦21型(付岩本小隊)	3,5,6,6,11	0	0	0	0	0	0	9	0	0	1	0	3	0	0	1	0	0	0	3	1,2,0,2	0	4	7
156	零戦52型甲(付岩本小隊)	3,5,6,6,12	0	0	0	0	0	0	11	0	0	1	0	3	0	0	1	0	0	0	4	1,2,0,4	0	5	6
157	零式艦戦53型(岩本隊)	3,5,6,6,12	0	0	0	0	0	0	12	0	0	2	0	4	0	0	3	0	0	0	5	1,2,0,5	0	6	6
158	Bf109T改	3,5,6,6,14	0	0	1	0	0	0	8	0	0	0	0	4	0	0	0	0	0	0	3	1,2,0,6	0	6	2
159	Fw190T改	3,5,6,6,14	0	0	2	0	0	0	10	0	0	0	0	2	0	0	0	0	0	0	4	2,3,0,8	0	6	3
160	10.5cm連装砲	1,2,4,16,0	0	0	3	0	0	0	6	0	0	2	0	1	0	0	0	0	0	1	3	0,2,4,0	0	6	3
161	16inch三連装砲 Mk.7	1,1,3,3,0	0	1	24	0	0	0	3	0	0	4	0	0	0	0	0	0	0	3	5	0,20,22,2	0	6	3
162	203mm/53 連装砲	1,1,2,2,0	0	0	9	0	0	0	1	0	0	-2	0	0	0	0	0	0	0	3	3	0,4,4,0	0	6	3
163	Ro.43水偵	5,7,10,10,2	0	0	1	0	0	0	1	2	0	2	0	1	0	0	4	0	0	0	3	1,1,0,2	0	4	3
164	Ro.44水上戦闘機	5,36,45,10,3	0	0	0	0	0	0	2	1	0	1	0	2	0	0	2	0	0	0	3	1,1,0,2	0	4	3
165	二式水戦改	5,36,45,10,3	0	0	0	0	0	0	3	1	0	1	0	2	0	0	1	0	0	0	2	1,1,0,4	0	5	4
166	大発動艇(八九式中戦車&陸戦隊)	8,14,24,20,0	0	0	0	0	0	0	0	0	0	0	0	0	0	0	0	0	0	0	2	1,2,4,1	0	5	4
167	特二式内火艇	20,37,46,36,0	0	0	0	0	0	0	0	0	0	0	0	0	0	0	0	0	0	0	3	1,2,3,2	0	5	4
168	九六式陸攻	21,38,47,37,4	0	0	0	8	0	10	1	2	0	0	0	0	0	0	2	0	0	0	1	7,4,0,12	0	10	8
169	一式陸攻	21,38,47,37,4	0	0	0	10	0	12	2	2	0	0	0	0	0	0	3	0	0	0	2	8,5,0,13	0	12	9
170	一式陸攻(野中隊)	21,38,47,37,4	0	0	0	12	0	13	3	2	0	1	0	0	0	0	4	0	0	0	4	8,5,0,14	0	12	9
171	OS2U	5,7,10,10,2	0	0	0	0	0	1	1	1	0	2	0	1	0	0	6	0	0	0	3	2,1,0,2	0	6	3
172	5inch連装砲 Mk.28 mod.2	1,2,4,16,0	0	1	4	0	0	0	9	0	0	2	0	1	0	0	0	0	0	1	4	0,3,4,2	0	6	3
173	Bofors 40mm四連装機関砲	4,6,21,15,0	0	1	1	0	0	0	10	0	0	1	0	2	0	0	0	0	0	0	4	0,6,1,3	0	6	3
174	53cm連装魚雷	2,3,5,5,0	0	0	0	3	0	0	0	0	0	0	0	2	0	0	0	0	0	1	1	1,1,1,0	0	6	3
175	雷電	22,39,48,38,18	0	0	0	0	0	0	6	0	0	5	0	2	0	0	0	0	0	0	4	3,2,0,7	0	6	2
176	三式戦 飛燕	22,39,48,38,18	0	0	0	0	0	0	8	0	0	1	0	3	0	0	0	0	0	0	3	1,2,0,6	0	7	3
177	三式戦 飛燕(飛行第244戦隊)	22,39,48,38,18	0	0	0	0	0	0	9	0	0	3	0	4	0	0	0	0	0	0	5	1,2,0,6	0	7	4
178	PBY-5A Catalina	17,33,41,33,19	0	0	0	0	0	0	0	2	0	2	0	0	0	0	9	0	0	0	4	8,2,0,18	0	13	10
179	試製61cm六連装(酸素)魚雷	2,3,5,5,0	0	0	0	14	0	0	0	0	0	2	0	0	0	0	0	0	0	1	4	2,4,2,0	0	13	10
180	一式陸攻 二二型甲	21,38,47,37,4	0	0	0	11	0	12	3	2	0	0	0	0	0	0	4	0	0	0	3	8,5,0,14	0	12	10
181	零式艦戦32型	3,5,6,6,11	0	0	0	0	0	0	5	0	0	0	0	2	0	0	0	0	0	0	2	1,2,0,2	0	4	5
182	零式艦戦32型(熟練)	3,5,6,6,11	0	0	0	0	0	0	8	0	0	1	0	4	0	0	0	0	0	0	3	1,2,0,2	0	4	5
183	16inch三連装砲 Mk.7+GFCS	1,1,3,3,0	0	1	24	0	0	0	3	0	0	7	0	1	0	0	0	0	0	3	6	0,20,22,18	0	4	5
184	Re.2001 OR改	3,5,6,6,14	0	0	3	0	0	0	6	0	0	0	0	2	0	0	0	0	0	0	3	1,2,0,6	0	6	4
185	三式戦 飛燕一型丁	22,39,48,38,18	0	0	0	0	0	0	9	0	0	2	0	3	0	0	0	0	0	0	4	1,2,0,6	0	7	4
186	一式陸攻 三四型	21,38,47,37,4	0	0	0	11	0	12	4	2	0	1	0	0	0	0	4	0	0	0	4	8,6,0,15	0	12	8
187	銀河	21,38,47,37,4	0	0	0	14	0	14	3	3	0	1	0	0	0	0	3	0	0	0	4	9,6,0,17	0	13	9
188	Re.2001 G改	3,5,8,8,14	0	0	3	4	0	0	4	0	0	0	0	2	0	0	0	0	0	0	4	1,3,0,6	0	6	3
189	Re.2005 改	3,5,6,6,14	0	0	1	0	0	0	11	0	0	0	0	3	0	0	0	0	0	0	5	2,3,0,10	0	6	3
190	38.1cm Mk.I連装砲	1,1,3,3,0	0	0	18	0	0	0	1	0	0	1	0	0	0	0	0	0	0	3	3	0,11,18,0	0	6	3
191	QF 2ポンド8連装ポンポン砲	4,6,21,15,0	0	0	1	0	0	0	10	0	0	0	0	0	0	0	0	0	0	0	3	0,6,1,2	0	6	3
192	38.1cm Mk.I/N連装砲改	1,1,3,3,0	0	0	19	0	0	0	3	0	0	2	0	0	0	0	0	0	0	3	4	0,12,19,2	0	6	3
193	特大発動艇	8,14,24,20,0	0	0	0	0	0	0	0	0	0	0	0	0	0	0	0	0	0	0	2	2,2,0,1	0	6	3
194	Laté 298B	5,7,11,10,14	0	0	2	4	0	5	1	2	0	0	0	1	0	0	4	0	0	0	3	2,4,0,5	0	7	4
195	SBD	3,5,7,7,21	0	0	1	0	0	6	2	3	0	1	0	2	0	0	2	0	0	0	2	1,3,0,2	0	5	4
196	TBD	3,5,8,8,21	0	0	1	5	0	0	0	4	0	0	0	0	0	0	2	0	0	0	2	1,4,0,3	0	6	4
197	F4F-3	3,5,6,6,21	0	0	1	0	0	0	4	0	0	0	0	2	0	0	0	0	0	0	2	1,2,0,2	0	5	4
198	F4F-4	3,5,6,6,21	0	0	1	0	0	0	5	0	0	1	0	2	0	0	1	0	0	0	3	1,3,0,2	0	6	4
199	噴式景雲改	3,40,57,39,22	0	0	0	0	0	15	6	0	0	1	0	0	0	0	3	0	0	3	5	7,5,12,16	0	14	3
200	橘花改	3,40,57,40,23	0	0	0	0	0	11	12	0	0	0	0	1	0	0	0	0	0	3	5	6,4,10,14	0	13	2
203	艦本新設計 増設バルジ(中型艦)	6,17,27,23,0	0	8	0	0	0	0	0	0	0	0	0	-1	0	0	0	0	0	0	3	0,0,24,2	0	13	2
204	艦本新設計 増設バルジ(大型艦)	6,17,28,23,0	0	10	0	0	0	0	0	0	0	0	0	-2	0	0	0	0	0	0	3	0,0,30,3	0	13	2
205	F6F-3	3,5,6,6,21	0	0	1	0	0	0	8	0	0	1	0	2	0	0	1	0	0	0	4	1,2,0,3	0	8	5
207	瑞雲(六三一空)	5,7,11,10,24	0	0	0	0	0	7	1	2	0	2	0	0	0	0	4	0	0	0	3	2,3,0,5	0	6	5
208	晴嵐(六三一空)	5,7,11,10,2	0	0	0	0	0	12	0	3	0	2	0	0	0	0	6	0	0	0	5	4,5,0,20	0	10	4
209	彩雲(輸送用分解済)	23,41,50,41,0	0	0	0	0	0	0	0	0	0	0	0	0	0	0	0	0	0	0	3	2,0,0,11	0	10	4
210	潜水艦搭載電探&水防式望遠鏡	24,42,51,42,0	0	0	1	0	0	0	1	0	0	2	0	8	0	0	4	0	0	0	2	0,0,12,13	0	10	4
211	潜水艦搭載電探&逆探(E27)	24,42,51,42,0	0	0	1	0	0	0	1	0	0	3	0	11	0	0	5	0	0	0	4	0,0,13,15	0	10	4
212	彩雲(東カロリン空)	5,7,9,9,1	0	0	1	0	0	0	0	0	0	2	0	0	0	0	10	0	0	0	4	2,0,0,11	0	9	8
213	後期型艦首魚雷(6門)	2,3,32,5,0	0	0	0	15	0	0	0	0	0	3	0	1	0	0	0	0	0	1	3	2,3,2,1	0	9	8
214	熟練聴音員+後期型艦首魚雷(6門)	2,3,32,5,0	0	0	0	15	0	0	0	0	0	5	0	4	0	0	1	0	0	1	4	2,3,2,2	0	9	8

### Enemy slotitems
ID	Name	Types	HP	Armor	Fire	Torpedo	Speed	Bombing	Anti-Air	Anti-Submerine	???	Hit chance	Torpedo hit chance	Evasion	Evasion chance	Bombing evasion chance	Search	Search interruption	Luck	Length	Rarity	Materials on broken	UseBull(???)	Airplane Cost	Airplane Distance
501	5inch単装砲	1,1,1,1,0	0	0	1	0	0	0	0	0	0	0	0	0	0	0	0	0	0	1	0	0,0,0,0	0	6	3
502	5inch連装砲	1,1,1,1,0	0	0	2	0	0	0	0	0	0	0	0	0	0	0	0	0	0	1	0	0,0,0,0	0	6	3
503	3inch単装高角砲	1,1,1,16,0	0	0	1	0	0	0	1	0	0	0	0	0	0	0	0	0	0	1	2	0,0,0,0	0	6	3
504	5inch単装高射砲	1,1,2,2,0	0	0	2	0	0	0	2	0	0	0	0	0	0	0	0	0	0	2	0	0,0,0,0	0	6	3
505	8inch三連装砲	1,1,2,2,0	0	0	8	0	0	0	2	0	0	0	0	0	0	0	0	0	0	2	0	0,0,0,0	0	6	3
506	6inch連装速射砲	1,1,2,2,0	0	0	3	0	0	0	3	0	0	0	0	0	0	0	0	0	0	2	0	0,0,0,0	0	6	3
507	14inch連装砲	1,1,3,3,0	0	0	10	0	0	0	4	0	0	0	0	0	0	0	0	0	0	3	0	0,0,0,0	0	6	3
508	16inch連装砲	1,1,3,3,0	0	0	15	0	0	0	4	0	0	0	16	0	0	0	0	0	0	3	1	0,0,0,0	0	6	3
509	16inch三連装砲	1,1,3,3,0	0	0	20	0	0	0	5	0	0	0	10	0	0	0	0	0	0	3	2	0,0,0,0	0	6	3
510	5inch単装高射砲	1,2,4,16,0	0	0	1	0	0	0	2	0	0	0	10	0	0	0	0	0	0	1	0	0,0,0,0	0	6	3
511	6inch単装砲	1,2,4,4,0	0	0	1	0	0	0	0	0	0	0	13	0	0	0	0	0	0	2	0	0,0,0,0	0	6	3
512	12.5inch連装副砲	1,2,4,4,0	0	0	7	0	0	0	3	0	0	0	3	0	0	0	0	0	0	2	1	0,0,0,0	0	6	3
513	21inch魚雷前期型	2,3,5,5,0	0	0	0	2	0	0	0	0	0	0	8	0	0	0	0	0	0	1	0	0,0,0,0	0	6	3
514	21inch魚雷後期型	2,3,5,5,0	0	0	0	5	0	0	0	0	0	0	6	0	0	0	0	0	0	1	0	0,0,0,0	0	6	3
515	高速深海魚雷	2,3,5,5,0	0	0	0	10	0	0	0	0	0	0	4	0	0	0	0	0	0	1	1	0,0,0,0	0	6	3
516	深海棲艦攻	3,5,8,8,0	0	0	0	4	0	0	0	2	0	0	0	0	0	0	5	0	0	0	0	0,0,0,0	0	6	3
517	深海棲艦攻 Mark.II	3,5,8,8,0	0	0	0	6	0	0	0	4	0	0	2	0	0	0	5	0	0	0	1	0,0,0,0	0	6	3
518	深海棲艦攻 Mark.III	3,5,8,8,0	0	0	0	11	0	0	4	7	0	0	0	0	0	0	5	0	0	0	2	0,0,0,0	0	6	3
519	深海棲艦戦	3,5,6,6,0	0	0	0	0	0	0	2	0	0	0	0	0	0	0	0	0	0	0	0	0,0,0,0	0	6	3
520	深海棲艦戦 Mark.II	3,5,6,6,0	0	0	0	0	0	0	5	0	0	0	24	0	0	0	0	0	0	0	0	0,0,0,0	0	6	3
521	深海棲艦戦 Mark.III	3,5,6,6,0	0	0	0	0	0	0	9	0	0	0	0	0	0	0	0	0	0	0	1	0,0,0,0	0	6	3
522	飛び魚艦戦	3,5,6,6,0	0	0	0	0	0	0	13	0	0	0	7	0	0	0	0	0	0	0	3	0,0,0,0	0	6	3
523	深海棲艦爆	3,5,7,7,0	0	0	0	0	0	3	0	1	0	0	0	0	0	0	0	0	0	0	0	0,0,0,0	0	6	3
524	深海棲艦爆 Mark.II	3,5,7,7,0	0	0	0	0	0	6	0	2	0	0	0	0	0	0	0	0	0	0	1	0,0,0,0	0	6	3
525	深海棲艦偵察機	5,7,10,10,0	0	0	0	0	0	1	1	1	0	0	0	0	0	0	5	0	0	0	0	0,0,0,0	0	6	3
526	飛び魚偵察機	5,7,10,10,0	0	0	0	0	0	4	2	2	0	0	0	0	0	0	10	0	0	0	1	0,0,0,0	0	6	3
527	対空レーダ― Mark.I	5,8,12,11,0	0	0	0	0	0	0	5	0	0	5	0	0	0	0	5	0	0	0	1	0,0,0,0	0	6	3
528	水上レーダ― Mark.I	5,8,12,11,0	0	0	0	0	0	0	0	0	0	10	0	0	0	0	5	0	0	0	1	0,0,0,0	0	6	3
529	水上レーダ― Mark.II	5,8,12,11,0	0	0	0	0	0	0	0	0	0	15	0	0	0	0	10	0	0	0	2	0,0,0,0	0	6	3
530	対空レーダ― Mark.II	5,8,13,11,0	0	0	0	0	0	0	10	0	0	5	21	0	0	0	10	0	0	0	2	0,0,0,0	0	6	3
531	深海水上レーダー	5,8,13,11,0	0	0	0	0	0	0	5	5	0	24	13	3	0	0	16	0	0	0	3	0,0,0,0	0	6	3
532	深海対空レーダ―	5,8,13,11,0	0	0	0	0	0	0	18	5	0	16	13	2	0	0	12	0	0	0	4	0,0,0,0	0	6	3
533	改良型深海タービン	6,9,17,19,0	0	0	0	0	0	0	0	0	0	0	17	10	0	0	0	0	0	0	0	0,0,0,0	0	6	3
534	強化型深海缶	6,9,17,19,0	0	0	0	0	0	0	0	0	0	0	4	15	0	0	0	0	0	0	1	0,0,0,0	0	6	3
535	対空散弾	4,6,18,12,0	0	0	0	0	0	0	10	0	0	0	10	0	0	0	0	0	0	0	0	0,0,0,0	0	6	3
536	劣化徹甲弾	4,25,19,13,0	0	0	15	0	0	0	0	0	0	5	8	0	0	0	0	0	0	0	1	0,0,0,0	0	6	3
537	12.7mm機銃	4,6,21,15,0	0	0	0	0	0	0	2	0	0	0	5	0	0	0	0	0	0	0	0	0,0,0,0	0	6	3
538	20mm機銃	4,6,21,15,0	0	0	0	0	0	0	4	0	0	0	0	0	0	0	0	0	0	0	0	0,0,0,0	0	6	3
539	40mm二連装機関砲	4,6,21,15,0	0	0	0	0	0	0	8	0	0	0	3	0	0	0	0	0	0	0	1	0,0,0,0	0	6	3
540	40mm四連装機関砲	4,6,21,15,0	0	0	0	0	0	0	12	0	0	0	0	0	0	0	0	0	0	0	2	0,0,0,0	0	6	3
541	深海烏賊魚雷	2,3,22,5,0	0	0	0	18	0	0	0	0	0	5	0	0	0	0	0	0	0	1	4	0,0,0,0	0	6	3
542	深海爆雷投射機	7,9,15,17,0	0	0	0	0	0	0	0	7	0	0	0	0	0	0	0	0	0	0	2	0,0,0,0	0	6	3
543	深海ソナー	7,10,14,18,0	0	0	0	0	0	0	0	9	0	0	0	0	0	0	0	0	0	0	2	0,0,0,0	0	6	3
544	深海爆雷投射機 Mk.II	7,9,15,17,0	0	0	0	0	0	0	0	13	0	0	0	0	0	0	0	0	0	0	3	0,0,0,0	0	6	3
545	深海ソナー Mk.II	7,10,14,18,0	0	0	0	0	0	0	0	16	0	0	0	0	0	0	0	0	0	0	3	0,0,0,0	0	6	3
546	飛び魚艦爆	3,5,7,7,0	0	0	0	0	0	10	8	7	0	0	0	0	0	0	0	0	0	0	3	0,0,0,0	0	6	3
547	深海猫艦戦	3,5,6,6,0	0	0	0	0	0	0	10	0	0	1	0	0	0	0	0	0	0	0	3	0,0,0,0	0	6	3
548	深海地獄艦爆	3,5,7,7,0	0	0	0	0	0	11	0	4	0	3	0	0	0	0	3	0	0	0	3	0,0,0,0	0	6	3
549	深海復讐艦攻	3,5,8,8,0	0	0	0	13	0	0	4	5	0	2	0	0	0	0	5	0	0	0	3	0,0,0,0	0	6	3
550	5inch連装両用莢砲	1,1,1,16,0	0	0	2	0	0	0	9	0	0	3	0	0	0	0	0	0	0	2	3	0,0,0,0	0	6	3
551	20inch連装砲	1,1,3,3,0	0	0	27	0	0	0	4	0	0	3	0	0	0	0	0	0	0	3	4	0,0,0,0	0	6	3
552	15inch要塞砲	1,1,3,3,0	0	3	13	0	0	0	0	0	0	4	0	0	0	0	0	0	0	3	2	0,0,0,0	0	6	3
553	4inch連装両用砲+CIC	1,1,1,16,0	0	0	5	0	0	0	15	0	0	5	0	0	0	0	0	0	0	2	4	0,0,0,0	0	6	3
554	深海水上攻撃機	5,7,11,10,0	0	0	0	0	0	8	4	8	0	1	0	0	0	0	6	0	0	0	2	0,0,0,0	0	6	3
555	深海水上攻撃機改	5,7,11,10,0	0	0	0	0	0	13	9	10	0	3	0	0	0	0	7	0	0	0	4	0,0,0,0	0	6	3
556	深海猫艦戦改	3,5,6,6,0	0	0	0	0	0	0	12	0	0	2	0	2	0	0	0	0	0	0	4	0,0,0,0	0	6	3
557	深海地獄艦爆改	3,5,7,7,0	0	0	0	0	0	15	0	8	0	4	0	0	0	0	5	0	0	0	4	0,0,0,0	0	6	3
558	深海復讐艦攻改	3,5,8,8,0	0	0	0	16	0	0	5	9	0	3	0	0	0	0	6	0	0	0	4	0,0,0,0	0	6	3
559	深海FCS+CIC	7,10,14,18,0	0	0	0	0	0	0	6	20	0	5	0	3	0	0	3	0	0	0	3	0,0,0,0	0	6	3
560	深海探照灯	8,18,29,24,0	0	0	2	0	0	0	0	0	0	0	0	0	0	0	2	0	0	0	1	0,0,0,0	0	6	3
561	深海解放陸爆	3,5,7,7,0	0	0	0	0	0	11	3	5	0	1	0	0	0	0	3	0	0	0	2	0,0,0,0	0	6	3
562	深海解放陸爆Ace	3,5,7,7,0	0	0	0	0	0	16	5	7	0	2	0	0	0	0	4	0	0	0	3	0,0,0,0	0	6	3
563	8inch長射程連装砲	1,1,2,2,0	0	0	8	0	0	0	1	0	0	-1	0	0	0	0	0	0	0	3	4	0,0,0,0	0	6	3
564	深海水上偵察観測機	5,7,10,10,0	0	0	0	0	0	0	2	2	0	5	0	0	0	0	5	0	0	0	3	0,0,0,0	0	6	3
565	5inch沿岸設置砲	1,1,1,1,0	0	2	3	0	0	0	0	0	0	3	0	0	0	0	0	0	0	2	2	0,0,0,0	0	6	3
566	深海猫艦戦(爆装)	3,5,7,7,0	0	0	0	0	0	8	7	2	0	2	0	0	0	0	0	0	0	0	3	0,0,0,0	0	6	3
567	沿岸設置レーダー	5,8,13,11,0	0	0	0	0	0	0	4	0	0	16	0	0	0	0	8	0	0	0	3	0,0,0,0	0	6	3
568	16inch三連装砲	1,1,3,3,0	0	1	24	0	0	0	3	0	0	4	0	0	0	0	0	0	0	3	5	0,0,0,0	0	6	3
569	深海偵察飛行艇	5,7,10,10,0	0	0	3	0	0	0	1	2	0	8	0	0	0	0	9	0	0	0	4	0,0,0,0	0	6	3
570	高速深海魚雷 mod.2	2,3,22,5,0	0	0	0	13	0	0	0	0	0	3	0	0	0	0	0	0	0	1	4	0,0,0,0	0	6	3
571	深海水母小鬼機	5,7,11,10,0	0	4	4	0	0	15	11	15	0	8	0	0	0	0	8	0	0	4	5	0,0,0,0	0	5	4
572	深海熊猫艦戦	3,5,6,6,0	0	8	8	0	0	0	18	0	0	8	0	8	0	0	0	0	0	0	5	0,0,0,0	0	5	4
573	深海潜水下駄履き	5,7,11,10,0	0	3	6	0	0	18	6	9	0	12	0	6	0	0	3	0	0	5	5	0,0,0,0	0	9	8
